3652, 0.0030, 0.0030, 0.1, 0.000887, 0.000027
7252, 0.0319, 0.0612, 0.4, 0.000886, 0.000027
10851, 0.0615, 0.1212, 0.9, 0.000886, 0.000026
14451, 0.0913, 0.1812, 1.5, 0.000886, 0.000026
18047, 0.0734, 0.0012, 1.6, 0.000886, 0.000026
21647, 0.0614, 0.0011, 1.7, 0.000886, 0.000026
25247, 0.0528, 0.0011, 1.8, 0.000886, 0.000026
28847, 0.0463, 0.0011, 1.9, 0.000886, 0.000025
32446, 0.0413, 0.0011, 2.0, 0.000886, 0.000025
36046, 0.0373, 0.0011, 2.1, 0.000886, 0.000025
39646, 0.0340, 0.0011, 2.2, 0.000886, 0.000025
43245, 0.0313, 0.0011, 2.2, 0.000886, 0.000025
46845, 0.0290, 0.0011, 2.3, 0.000886, 0.000025
50445, 0.0270, 0.0011, 2.4, 0.000886, 0.000025
54044, 0.0253, 0.0011, 2.5, 0.000886, 0.000025
57644, 0.0238, 0.0011, 2.6, 0.000886, 0.000024
61244, 0.0224, 0.0011, 2.7, 0.000886, 0.000024
