3643, 0.0030, 0.0030, 0.1, 0.000887, 0.000027
7242, 0.0319, 0.0612, 0.4, 0.000887, 0.000027
10842, 0.0616, 0.1212, 0.9, 0.000887, 0.000027
14441, 0.0914, 0.1812, 1.5, 0.000886, 0.000027
18037, 0.0734, 0.0012, 1.6, 0.000886, 0.000026
21637, 0.0614, 0.0011, 1.7, 0.000886, 0.000026
25236, 0.0528, 0.0011, 1.8, 0.000886, 0.000026
28836, 0.0463, 0.0011, 1.9, 0.000886, 0.000025
32436, 0.0413, 0.0011, 2.0, 0.000886, 0.000025
36035, 0.0373, 0.0011, 2.1, 0.000886, 0.000025
39635, 0.0340, 0.0011, 2.1, 0.000886, 0.000025
43234, 0.0313, 0.0011, 2.2, 0.000886, 0.000025
46834, 0.0290, 0.0011, 2.3, 0.000886, 0.000025
50433, 0.0270, 0.0011, 2.4, 0.000886, 0.000024
54033, 0.0253, 0.0011, 2.5, 0.000886, 0.000024
57633, 0.0238, 0.0011, 2.6, 0.000886, 0.000024
61232, 0.0224, 0.0011, 2.7, 0.000886, 0.000024
64832, 0.0212, 0.0011, 2.8, 0.000886, 0.000024
68431, 0.0202, 0.0011, 2.8, 0.000886, 0.000024
72031, 0.0192, 0.0011, 2.9, 0.000886, 0.000024
75630, 0.0184, 0.0011, 3.0, 0.000886, 0.000024
79230, 0.0176, 0.0011, 3.1, 0.000886, 0.000024
82829, 0.0169, 0.0011, 3.2, 0.000886, 0.000025
86429, 0.0162, 0.0011, 3.3, 0.000886, 0.000025
90028, 0.0156, 0.0011, 3.4, 0.000886, 0.000025
93627, 0.0151, 0.0011, 3.5, 0.000886, 0.000025
97227, 0.0145, 0.0011, 3.6, 0.000886, 0.000025
100827, 0.0141, 0.0011, 3.7, 0.000886, 0.000025
104426, 0.0136, 0.0011, 3.8, 0.000886, 0.000025
108026, 0.0132, 0.0011, 3.9, 0.000886, 0.000025
111625, 0.0128, 0.0011, 4.0, 0.000886, 0.000025
115225, 0.0124, 0.0011, 4.1, 0.000886, 0.000025
118824, 0.0121, 0.0011, 4.2, 0.000886, 0.000025
122424, 0.0118, 0.0011, 4.2, 0.000886, 0.000025
126024, 0.0115, 0.0011, 4.3, 0.000886, 0.000024
129623, 0.0112, 0.0011, 4.4, 0.000886, 0.000024
133223, 0.0109, 0.0011, 4.5, 0.000886, 0.000024
136822, 0.0107, 0.0011, 4.6, 0.000886, 0.000024
140422, 0.0104, 0.0011, 4.7, 0.000886, 0.000024
144021, 0.0102, 0.0011, 4.8, 0.000886, 0.000024
147621, 0.0100, 0.0011, 4.9, 0.000886, 0.000024
