3650, 0.0030, 0.0030, 0.1, 0.000887, 0.000027
7249, 0.0319, 0.0612, 0.4, 0.000887, 0.000027
10849, 0.0615, 0.1212, 0.9, 0.000887, 0.000027
14448, 0.0914, 0.1812, 1.5, 0.000886, 0.000027
18044, 0.0734, 0.0012, 1.6, 0.000886, 0.000026
21644, 0.0614, 0.0011, 1.7, 0.000886, 0.000026
25243, 0.0528, 0.0011, 1.8, 0.000886, 0.000026
28843, 0.0463, 0.0011, 1.9, 0.000886, 0.000025
32442, 0.0413, 0.0011, 2.0, 0.000886, 0.000025
36042, 0.0373, 0.0011, 2.1, 0.000886, 0.000025
39641, 0.0340, 0.0011, 2.1, 0.000886, 0.000025
43241, 0.0313, 0.0011, 2.2, 0.000886, 0.000025
46841, 0.0290, 0.0011, 2.3, 0.000886, 0.000025
50440, 0.0270, 0.0011, 2.4, 0.000886, 0.000024
54040, 0.0253, 0.0011, 2.5, 0.000886, 0.000024
57639, 0.0238, 0.0011, 2.6, 0.000886, 0.000024
61239, 0.0224, 0.0011, 2.7, 0.000886, 0.000024
64838, 0.0212, 0.0011, 2.8, 0.000886, 0.000024
68438, 0.0202, 0.0011, 2.8, 0.000886, 0.000024
72038, 0.0192, 0.0011, 2.9, 0.000886, 0.000024
75637, 0.0184, 0.0011, 3.0, 0.000886, 0.000024
79237, 0.0176, 0.0011, 3.1, 0.000886, 0.000024
82836, 0.0169, 0.0011, 3.2, 0.000886, 0.000025
86435, 0.0162, 0.0011, 3.3, 0.000886, 0.000025
90035, 0.0156, 0.0011, 3.4, 0.000886, 0.000025
93634, 0.0151, 0.0011, 3.5, 0.000886, 0.000025
97234, 0.0145, 0.0011, 3.6, 0.000886, 0.000025
100834, 0.0141, 0.0011, 3.7, 0.000886, 0.000025
104433, 0.0136, 0.0011, 3.8, 0.000886, 0.000025
108033, 0.0132, 0.0011, 3.9, 0.000886, 0.000025
111632, 0.0128, 0.0011, 4.0, 0.000886, 0.000025
115232, 0.0124, 0.0011, 4.1, 0.000886, 0.000025
118831, 0.0121, 0.0011, 4.2, 0.000886, 0.000025
122431, 0.0118, 0.0011, 4.2, 0.000886, 0.000025
126030, 0.0115, 0.0011, 4.3, 0.000886, 0.000024
129630, 0.0112, 0.0011, 4.4, 0.000886, 0.000024
133229, 0.0109, 0.0011, 4.5, 0.000886, 0.000024
136829, 0.0107, 0.0011, 4.6, 0.000886, 0.000024
140429, 0.0104, 0.0011, 4.7, 0.000886, 0.000024
144028, 0.0102, 0.0011, 4.8, 0.000886, 0.000024
147628, 0.0100, 0.0011, 4.9, 0.000886, 0.000024
151227, 0.0098, 0.0011, 4.9, 0.000886, 0.000024
154827, 0.0096, 0.0011, 5.0, 0.000886, 0.000024
158427, 0.0094, 0.0011, 5.1, 0.000886, 0.000024
162026, 0.0092, 0.0011, 5.2, 0.000886, 0.000024
165626, 0.0090, 0.0011, 5.3, 0.000886, 0.000024
169225, 0.0088, 0.0011, 5.4, 0.000886, 0.000024
172825, 0.0087, 0.0011, 5.5, 0.000886, 0.000024
176424, 0.0085, 0.0011, 5.6, 0.000886, 0.000024
180024, 0.0084, 0.0011, 5.7, 0.000886, 0.000024
183624, 0.0082, 0.0011, 5.8, 0.000886, 0.000024
187223, 0.0081, 0.0011, 5.9, 0.000886, 0.000024
190823, 0.0080, 0.0011, 6.0, 0.000886, 0.000024
194422, 0.0078, 0.0011, 6.1, 0.000886, 0.000024
198022, 0.0077, 0.0011, 6.1, 0.000886, 0.000024
201622, 0.0076, 0.0011, 6.2, 0.000886, 0.000024
205221, 0.0075, 0.0011, 6.3, 0.000886, 0.000024
208821, 0.0074, 0.0011, 6.4, 0.000886, 0.000024
212420, 0.0073, 0.0011, 6.5, 0.000886, 0.000024
216020, 0.0072, 0.0011, 6.6, 0.000886, 0.000024
219620, 0.0071, 0.0011, 6.7, 0.000886, 0.000024
223219, 0.0070, 0.0011, 6.8, 0.000886, 0.000024
226819, 0.0069, 0.0011, 6.8, 0.000886, 0.000024
230418, 0.0068, 0.0011, 6.9, 0.000886, 0.000024
234018, 0.0067, 0.0011, 7.0, 0.000886, 0.000024
237618, 0.0066, 0.0011, 7.1, 0.000886, 0.000024
241217, 0.0065, 0.0011, 7.2, 0.000886, 0.000024
244817, 0.0065, 0.0011, 7.3, 0.000886, 0.000024
248417, 0.0064, 0.0011, 7.4, 0.000886, 0.000024
252016, 0.0063, 0.0011, 7.5, 0.000886, 0.000024
255616, 0.0062, 0.0011, 7.6, 0.000886, 0.000024
259215, 0.0062, 0.0011, 7.7, 0.000886, 0.000024
262814, 0.0061, 0.0011, 7.8, 0.000886, 0.000024
266414, 0.0060, 0.0011, 7.9, 0.000886, 0.000024
270013, 0.0060, 0.0011, 8.0, 0.000886, 0.000024
273613, 0.0059, 0.0011, 8.1, 0.000886, 0.000024
277213, 0.0058, 0.0011, 8.2, 0.000886, 0.000024
280812, 0.0058, 0.0011, 8.3, 0.000886, 0.000024
284412, 0.0057, 0.0011, 8.3, 0.000886, 0.000024
288011, 0.0057, 0.0011, 8.4, 0.000886, 0.000024
291611, 0.0056, 0.0011, 8.5, 0.000886, 0.000024
295211, 0.0056, 0.0011, 8.6, 0.000886, 0.000024
298810, 0.0055, 0.0011, 8.7, 0.000886, 0.000024
302410, 0.0054, 0.0011, 8.8, 0.000886, 0.000024
306010, 0.0054, 0.0011, 8.9, 0.000886, 0.000024
309609, 0.0053, 0.0011, 9.0, 0.000886, 0.000024
313209, 0.0053, 0.0011, 9.0, 0.000886, 0.000024
316808, 0.0053, 0.0011, 9.1, 0.000886, 0.000024
320408, 0.0052, 0.0011, 9.2, 0.000886, 0.000024
324008, 0.0052, 0.0011, 9.3, 0.000886, 0.000024
327607, 0.0051, 0.0011, 9.4, 0.000886, 0.000024
331207, 0.0051, 0.0011, 9.5, 0.000886, 0.000024
334806, 0.0050, 0.0011, 9.6, 0.000886, 0.000024
338406, 0.0050, 0.0011, 9.7, 0.000886, 0.000024
342005, 0.0049, 0.0011, 9.8, 0.000886, 0.000024
345605, 0.0049, 0.0011, 9.9, 0.000886, 0.000024
349204, 0.0049, 0.0011, 10.0, 0.000886, 0.000024
352804, 0.0048, 0.0011, 10.1, 0.000886, 0.000025
356403, 0.0048, 0.0011, 10.2, 0.000886, 0.000025
360003, 0.0048, 0.0011, 10.3, 0.000886, 0.000025
363603, 0.0047, 0.0011, 10.4, 0.000886, 0.000025
367202, 0.0047, 0.0011, 10.5, 0.000886, 0.000025
370802, 0.0047, 0.0011, 10.6, 0.000886, 0.000025
374401, 0.0046, 0.0011, 10.7, 0.000886, 0.000025
378001, 0.0046, 0.0011, 10.8, 0.000886, 0.000025
381601, 0.0046, 0.0011, 10.9, 0.000886, 0.000025
385200, 0.0045, 0.0011, 11.0, 0.000886, 0.000025
388800, 0.0045, 0.0011, 11.1, 0.000886, 0.000025
392400, 0.0045, 0.0013, 11.2, 0.000886, 0.000025
396359, 0.0044, 0.0011, 11.3, 0.000886, 0.000025
399958, 0.0044, 0.0011, 11.4, 0.000886, 0.000025
403558, 0.0044, 0.0011, 11.4, 0.000886, 0.000025
407158, 0.0043, 0.0011, 11.5, 0.000886, 0.000025
410757, 0.0043, 0.0011, 11.6, 0.000886, 0.000025
414357, 0.0043, 0.0011, 11.7, 0.000886, 0.000025
417956, 0.0043, 0.0011, 11.8, 0.000886, 0.000025
421556, 0.0042, 0.0011, 11.9, 0.000886, 0.000025
425155, 0.0042, 0.0011, 12.0, 0.000886, 0.000025
428755, 0.0042, 0.0011, 12.1, 0.000886, 0.000025
432354, 0.0042, 0.0011, 12.2, 0.000886, 0.000025
435954, 0.0041, 0.0011, 12.3, 0.000886, 0.000025
439553, 0.0041, 0.0011, 12.4, 0.000886, 0.000025
443153, 0.0041, 0.0011, 12.5, 0.000886, 0.000025
446752, 0.0041, 0.0011, 12.6, 0.000886, 0.000025
450352, 0.0040, 0.0011, 12.7, 0.000886, 0.000025
453951, 0.0040, 0.0011, 12.8, 0.000886, 0.000025
457551, 0.0040, 0.0011, 12.9, 0.000886, 0.000025
461151, 0.0040, 0.0011, 13.0, 0.000886, 0.000025
464750, 0.0039, 0.0011, 13.1, 0.000886, 0.000025
468350, 0.0039, 0.0011, 13.1, 0.000886, 0.000025
471949, 0.0039, 0.0011, 13.2, 0.000886, 0.000025
475549, 0.0039, 0.0011, 13.3, 0.000886, 0.000025
479149, 0.0039, 0.0011, 13.4, 0.000886, 0.000025
482748, 0.0038, 0.0011, 13.5, 0.000886, 0.000025
486348, 0.0038, 0.0011, 13.6, 0.000886, 0.000025
489947, 0.0038, 0.0011, 13.7, 0.000886, 0.000025
493547, 0.0038, 0.0011, 13.8, 0.000886, 0.000025
497147, 0.0038, 0.0011, 13.8, 0.000886, 0.000025
500746, 0.0037, 0.0011, 13.9, 0.000886, 0.000025
504346, 0.0037, 0.0011, 14.0, 0.000886, 0.000025
507945, 0.0037, 0.0011, 14.1, 0.000886, 0.000025
511545, 0.0037, 0.0011, 14.2, 0.000886, 0.000025
515144, 0.0037, 0.0011, 14.3, 0.000886, 0.000025
518744, 0.0036, 0.0011, 14.4, 0.000886, 0.000025
