energy read:
5000sleep offset, slope:
1103
20
active offset, slope:
878630
-3
optimal DC:
1025

150704768,139472000,1025
149829776,148240000,1025
149622624,151230000,1025
150368912,153803008,1025
150334240,154884992,1025
150534736,155883008,1025
150813872,156772000,1025
150732160,156992992,1025
150806192,157330000,1025
150774816,157492000,1025
151119840,158140992,1025
151286640,158511008,1025
151212496,158531008,1025
151274976,158711008,1025
151337712,158880992,1025
151417856,159078000,1025
151576496,159355008,1025
151463440,159268000,1025
151408640,159248000,1025
151510832,159426000,1025
151640432,159630000,1025
151629408,159652992,1025
151657968,159732992,1025
151788832,159942000,1025
151934512,160162000,1025
152134048,160462000,1025
152349296,160772992,1025
152359376,160808992,1025
152511616,161032992,1025
152573952,161134000,1025
152734672,161368000,1025
152776496,161446000,1025
152882752,161608000,1025
152959952,161732000,1025
153003840,161804992,1025
153042352,161871008,1025
153098336,161972992,1025
153157328,162068992,1025
153236912,162194000,1025
153333392,162340000,1025
153369328,162398000,1025
153380224,162430000,1025
153420128,162502000,1025
153349680,162422000,1025
153293104,162359008,1025
153208816,162254000,1025
153183664,162222000,1025
153186944,162232000,1025
153155632,162194000,1025
153089264,162112992,1025
153004816,162012000,1025
152957312,161958000,1025T, Ps, Pa:
-20,0.000039,0.000918
-19,0.000040,0.000919
-18,0.000041,0.000920
-17,0.000042,0.000921
-16,0.000043,0.000922
-15,0.000044,0.000923
-14,0.000045,0.000924
-13,0.000046,0.000925
-12,0.000047,0.000926
-11,0.000049,0.000927
-10,0.000050,0.000928
-9,0.000051,0.000929
-8,0.000052,0.000931
-7,0.000053,0.000932
-6,0.000054,0.000933
-5,0.000055,0.000934
-4,0.000057,0.000935
-3,0.000058,0.000937
-2,0.000059,0.000938
-1,0.000060,0.000939
0,0.000062,0.000940
1,0.000063,0.000942
2,0.000064,0.000943
3,0.000066,0.000944
4,0.000067,0.000946
5,0.000068,0.000947
6,0.000070,0.000949
7,0.000071,0.000950
8,0.000073,0.000951
9,0.000074,0.000953
10,0.000076,0.000954
11,0.000077,0.000956
12,0.000079,0.000957
13,0.000080,0.000959
14,0.000082,0.000961
15,0.000084,0.000962
16,0.000085,0.000964
17,0.000087,0.000966
18,0.000089,0.000967
19,0.000090,0.000969
20,0.000092,0.000971
21,0.000094,0.000972
22,0.000095,0.000974
23,0.000097,0.000976
24,0.000099,0.000978
25,0.000101,0.000980
26,0.000103,0.000981
27,0.000105,0.000983
28,0.000107,0.000985
29,0.000109,0.000987
30,0.000110,0.000989
31,0.000112,0.000991
32,0.000114,0.000993
33,0.000117,0.000995
34,0.000119,0.000997
35,0.000121,0.000999
36,0.000123,0.001001
37,0.000125,0.001004
38,0.000127,0.001006
39,0.000129,0.001008
40,0.000131,0.001010
41,0.000134,0.001012
42,0.000136,0.001015
43,0.000138,0.001017
44,0.000141,0.001019
45,0.000143,0.001022
46,0.000145,0.001024
47,0.000148,0.001026
48,0.000150,0.001029
49,0.000153,0.001031
50,0.000155,0.001034
51,0.000158,0.001036
52,0.000160,0.001039
53,0.000163,0.001041
54,0.000165,0.001044
55,0.000168,0.001047
56,0.000171,0.001049
57,0.000173,0.001052
58,0.000176,0.001055
59,0.000179,0.001057
60,0.000182,0.001060
61,0.000184,0.001063
62,0.000187,0.001066
63,0.000190,0.001069
64,0.000193,0.001072
65,0.000196,0.001074
66,0.000199,0.001077
67,0.000202,0.001080
68,0.000205,0.001083
69,0.000208,0.001087
70,0.000211,0.001090
71,0.000214,0.001093
72,0.000217,0.001096
73,0.000220,0.001099
74,0.000224,0.001102
75,0.000227,0.001105
76,0.000230,0.001109
77,0.000233,0.001112
78,0.000237,0.001115
79,0.000240,0.001119
80,0.000243,0.001122
81,0.000247,0.001126
82,0.000250,0.001129
83,0.000254,0.001132
84,0.000257,0.001136
85,0.000261,0.001140
86,0.000265,0.001143
87,0.000268,0.001147
88,0.000272,0.001150
89,0.000276,0.001154
90,0.000279,0.001158
91,0.000283,0.001162
92,0.000287,0.001165
93,0.000291,0.001169
94,0.000295,0.001173
95,0.000298,0.001177
96,0.000302,0.001181
97,0.000306,0.001185
98,0.000310,0.001189
99,0.000314,0.001193
100,0.000318,0.001197
