energy read:
2459sleep offset, slope:
10022
195
active offset, slope:
859868
74
optimal DC:
470

65775960,62581000,470
66502524,65494000,470
67797808,67594000,470
68405416,68494000,470
68608784,68867000,470
69059080,69446000,470
69266488,69723000,470
69335696,69848000,470
69481336,70034000,470
69860312,70459000,470
70296112,70921000,470
70367512,71016000,470
70796752,71463000,470
71195616,71870000,470
71344400,72042000,470
71813312,72513000,470
72158520,72858000,470
72505288,73198000,470
72858552,73547000,470
73069896,73755000,470
73411448,74097000,470
73647472,74329000,470
73975512,74646000,470
74466136,75103000,470
74972512,75576000,470
75408832,75979000,470
75884856,76406000,470
76266832,76765000,470
76633240,77104000,470
77040800,77479000,470
77333536,77750000,470
77639112,78027000,470
77952704,78316000,470
78268936,78602000,470
78572160,78876000,470
78802944,79095000,470
78914816,79202000,470
79056168,79337000,470
79182608,79459000,470
79207464,79486000,470
79173464,79462000,470
79179912,79479000,470
79125816,79438000,470
78997376,79321000,470
78799296,79138000,470
78635072,78988000,470
78450632,78818000,470
78291872,78673000,470
78086248,78476000,470
77879824,78282000,470
77728832,78141000,470
77532320,77954000,470