energy read:
1160sleep offset, slope:
10022
195
active offset, slope:
859868
74
optimal DC:
0

26551622,27184000,0
27314062,27525000,0
28673318,28678000,0
29310932,29247000,0
29524342,29421000,0
29996880,29870000,0
30214530,30052000,0
30287156,30107000,0
30439980,30239000,0
30837674,30620000,0
31294990,31045000,0
31369944,31110000,0
31820378,31534000,0
32238924,31916000,0
32395062,32071000,0
32888554,32525000,0
33250726,32855000,0
33617752,33183000,0
33988244,33521000,0
34208148,33717000,0
34566460,34050000,0
34814044,34272000,0
35159628,34583000,0
35674340,35032000,0
36206840,35498000,0
36664520,35895000,0
37163908,36316000,0
37564604,36669000,0
37948956,37003000,0
38376512,37374000,0
38683592,37641000,0
39004156,37913000,0
39333128,38199000,0
39664888,38481000,0
39982992,38751000,0
40226860,38967000,0
40343288,39070000,0
40492332,39203000,0
40624100,39322000,0
40648632,39345000,0
40613524,39320000,0
40620232,39335000,0
40562292,39290000,0
40426516,39171000,0
40219048,38986000,0
40047220,38834000,0
39852740,38663000,0
39686108,38516000,0
39470352,38318000,0
39253692,38122000,0
39095252,37980000,0
38889020,37791000,0