energy read:
3813sleep offset, slope:
10022
195
active offset, slope:
859868
74
optimal DC:
972

107631352,78696000,972
108319624,84071000,972
109546656,86926000,972
110122240,88385000,972
110314880,89063000,972
110737800,89874000,972
110937928,90316000,972
111000752,90574000,972
111139024,90838000,972
111496232,91340000,972
111913144,91869000,972
111980816,92006000,972
112380856,92456000,972
112770720,92885000,972
112903520,93048000,972
113349168,93551000,972
113676272,93932000,972
113998984,94271000,972
114334032,94618000,972
114537552,94853000,972
114861264,95220000,972
115086024,95478000,972
115391984,95795000,972
115857024,96266000,972
116334768,96745000,972
116748400,97153000,972
117202064,97595000,972
117567152,97957000,972
117912304,98299000,972
118298528,98687000,972
118575952,98962000,972
118865576,99235000,972
119162728,99533000,972
119459960,99830000,972
119750544,100112000,972
119970072,100331000,972
120077920,100443000,972
120209464,100576000,972
120330816,100705000,972
120361200,100743000,972
120325784,100722000,972
120331832,100735000,972
120285352,100707000,972
120164136,100591000,972
119978984,100406000,972
119821752,100261000,972
119647192,100096000,972
119495576,99950000,972
119304096,99759000,972
119105144,99564000,972
118964056,99429000,972
118778344,99245000,972