energy read:
1241sleep offset, slope:
10022
195
active offset, slope:
859868
74
optimal DC:
18

28124652,27165000,18
28885654,27516000,18
30242346,28671000,18
30878754,29243000,18
31091764,29418000,18
31563406,29867000,18
31780648,30049000,18
31853132,30105000,18
32005672,30237000,18
32402618,30619000,18
32859070,31044000,18
32933878,31109000,18
33383468,31532000,18
33801224,31914000,18
33957068,32070000,18
34449624,32524000,18
34811112,32854000,18
35177444,33183000,18
35547236,33520000,18
35766728,33716000,18
36124364,34049000,18
36371476,34272000,18
36716412,34582000,18
37230152,35032000,18
37761648,35498000,18
38216004,35894000,18
38714540,36316000,18
39114568,36669000,18
39498280,37003000,18
39925092,37373000,18
40231664,37640000,18
40551684,37913000,18
40880096,38198000,18
41211292,38481000,18
41528844,38751000,18
41772304,38967000,18
41888568,39070000,18
42037368,39203000,18
42168936,39322000,18
42193464,39345000,18
42158452,39320000,18
42165188,39334000,18
42107404,39290000,18
41971908,39171000,18
41764864,38986000,18
41593392,38834000,18
41400204,38663000,18
41233900,38516000,18
41018560,38318000,18
40802316,38122000,18
40644192,37980000,18
40438352,37791000,18