energy read:
1376sleep offset, slope:
10022
195
active offset, slope:
859868
74
optimal DC:
68

32297828,30720000,68
33055012,31311000,68
34404896,32546000,68
35038112,33158000,68
35250052,33357000,68
35719328,33822000,68
35935480,34016000,68
36007608,34080000,68
36159380,34219000,68
36554332,34605000,68
37008492,35035000,68
37082924,35104000,68
37530264,35530000,68
37945916,35915000,68
38100976,36072000,68
38591068,36529000,68
38950744,36861000,68
39315244,37190000,68
39683176,37529000,68
39901564,37726000,68
40257408,38061000,68
40503272,38285000,68
40845056,38595000,68
41356272,39046000,68
41883924,39513000,68
42338560,39910000,68
42834588,40332000,68
43232612,40686000,68
43614396,41021000,68
44039072,41392000,68
44344108,41659000,68
44662520,41932000,68
44989280,42218000,68
45318812,42501000,68
45634776,42772000,68
45877012,42989000,68
45993516,43092000,68
46140748,43225000,68
46272440,43345000,68
46298260,43369000,68
46262764,43344000,68
46269432,43359000,68
46212992,43315000,68
46079084,43197000,68
45872600,43012000,68
45701392,42860000,68
45509128,42689000,68
45343612,42542000,68
45129304,42344000,68
44914100,42149000,68
44756724,42007000,68
44551880,41819000,68