energy read:
937sleep offset, slope:
10017
209
active offset, slope:
859868
33
optimal DC:
45

28682230,27996000,45
28396244,27286000,45
28276518,27081000,45
28632878,27370000,45
28587878,27336000,45
28681390,27418000,45
28795084,27541000,45
28738682,27489000,45
28773458,27515000,45
28754610,27494000,45
28918502,27655000,45
28991122,27718000,45
28953364,27688000,45
28969864,27703000,45
29003394,27735000,45
29045726,27774000,45
29119130,27845000,45
29059460,27787000,45
29034678,27763000,45
29091588,27814000,45
29151286,27870000,45
29140754,27862000,45
29156868,27880000,45
29223996,27946000,45
29296500,28015000,45
29399348,28116000,45
29500916,28210000,45
29510058,28218000,45
29582266,28289000,45
29611488,28317000,45
29697806,28397000,45
29711436,28409000,45
29769330,28465000,45
29805822,28501000,45
29821602,28518000,45
29847118,28541000,45
29868374,28563000,45
29902856,28599000,45
29938146,28635000,45
29986780,28683000,45
30001418,28698000,45
30009888,28705000,45
30024586,28722000,45
29986108,28686000,45
29957408,28659000,45
29915092,28620000,45
29904070,28608000,45
29901914,28606000,45
29882506,28588000,45
29848956,28555000,45
29808698,28514000,45
29789496,28497000,45