energy read:
856sleep offset, slope:
10017
209
active offset, slope:
859868
33
optimal DC:
15

26163450,26296000,15
25876602,25471000,15
25756510,25228000,15
26113950,25498000,15
26068810,25453000,15
26162608,25527000,15
26276642,25644000,15
26220072,25588000,15
26254956,25611000,15
26236040,25588000,15
26400436,25746000,15
26473282,25807000,15
26435402,25776000,15
26451952,25789000,15
26485580,25820000,15
26528042,25859000,15
26601666,25928000,15
26541820,25870000,15
26516960,25845000,15
26574050,25895000,15
26633924,25951000,15
26623362,25942000,15
26640302,25960000,15
26707926,26026000,15
26780606,26095000,15
26884200,26195000,15
26985284,26289000,15
26994426,26297000,15
27066826,26367000,15
27096118,26395000,15
27182682,26475000,15
27196334,26486000,15
27254384,26542000,15
27290968,26578000,15
27306782,26594000,15
27332360,26618000,15
27353668,26640000,15
27388240,26675000,15
27423628,26711000,15
27472404,26759000,15
27487070,26774000,15
27495800,26781000,15
27510288,26797000,15
27471386,26761000,15
27442890,26734000,15
27400150,26694000,15
27389590,26683000,15
27387196,26681000,15
27367732,26663000,15
27333806,26630000,15
27293426,26589000,15
27274158,26571000,15