energy read:
1073sleep offset, slope:
10017
209
active offset, slope:
859868
33
optimal DC:
95

32911296,32015000,95
32626770,31576000,95
32507646,31462000,95
32862196,31796000,95
32817426,31789000,95
32910460,31889000,95
33023570,32025000,95
32967464,31984000,95
33002066,32017000,95
32983296,32002000,95
33146368,32168000,95
33218618,32235000,95
33181050,32209000,95
33197468,32227000,95
33230824,32261000,95
33272942,32303000,95
33346980,32375000,95
33287558,32320000,95
33262844,32297000,95
33318204,32349000,95
33377960,32406000,95
33368554,32400000,95
33383968,32418000,95
33450742,32486000,95
33522852,32556000,95
33625172,32657000,95
33726204,32753000,95
33735284,32762000,95
33807108,32832000,95
33836180,32861000,95
33922044,32942000,95
33936764,32955000,95
33993776,33011000,95
34030060,33048000,95
34046236,33065000,95
34071092,33089000,95
34092700,33112000,95
34126508,33148000,95
34161776,33184000,95
34209968,33232000,95
34224680,33247000,95
34233336,33255000,95
34247932,33272000,95
34209624,33237000,95
34181056,33210000,95
34138916,33171000,95
34127432,33159000,95
34125496,33157000,95
34106316,33140000,95
34073040,33108000,95
34032844,33067000,95
34013392,33049000,95