energy read:
3516sleep offset, slope:
10017
209
active offset, slope:
859868
33
optimal DC:
1005

108879000,77970000,1005
108617440,81964000,1005
108510312,83344000,1005
108830384,84431000,1005
108794480,84801000,1005
108880904,85207000,1005
108980088,85519000,1005
108936160,85625000,1005
108963568,85789000,1005
108943776,85847000,1005
109091072,86095000,1005
109161200,86249000,1005
109121520,86288000,1005
109144720,86355000,1005
109171504,86420000,1005
109205448,86502000,1005
109276712,86611000,1005
109225824,86578000,1005
109201320,86583000,1005
109246328,86657000,1005
109302808,86735000,1005
109297264,86756000,1005
109307904,86791000,1005
109365912,86875000,1005
109431264,86950000,1005
109520832,87060000,1005
109619888,87180000,1005
109624800,87199000,1005
109692424,87288000,1005
109719024,87332000,1005
109793376,87424000,1005
109811120,87452000,1005
109859536,87513000,1005
109893376,87551000,1005
109911784,87583000,1005
109929800,87614000,1005
109953752,87652000,1005
109978960,87680000,1005
110013104,87728000,1005
110056888,87780000,1005
110071504,87802000,1005
110076512,87813000,1005
110092936,87833000,1005
110060576,87804000,1005
110034944,87784000,1005
109995296,87745000,1005
109983152,87733000,1005
109982792,87733000,1005
109967240,87718000,1005
109937816,87690000,1005
109901096,87653000,1005
109879120,87637000,1005