energy read:
2159sleep offset, slope:
10017
209
active offset, slope:
859868
33
optimal DC:
500

66681640,64092000,500
66408728,65832000,500
66294468,66425000,500
66634540,67112000,500
66591592,67318000,500
66680836,67570000,500
66788400,67813000,500
66736288,67854000,500
66767976,67953000,500
66748032,67991000,500
66904672,68196000,500
66976928,68300000,500
66937772,68299000,500
66959064,68345000,500
66988368,68399000,500
67026416,68457000,500
67099148,68549000,500
67043916,68509000,500
67019500,68499000,500
67069400,68559000,500
67127984,68628000,500
67121816,68632000,500
67133856,68658000,500
67196352,68732000,500
67265344,68809000,500
67361584,68915000,500
67463640,69023000,500
67470272,69034000,500
67541048,69113000,500
67569152,69148000,500
67648872,69230000,500
67666392,69252000,500
67718072,69309000,500
67753792,69351000,500
67771792,69375000,500
67791808,69399000,500
67816600,69429000,500
67844536,69464000,500
67880072,69505000,500
67926328,69556000,500
67941456,69576000,500
67947608,69584000,500
67964368,69606000,500
67929416,69575000,500
67901760,69550000,500
67860640,69513000,500
67848336,69501000,500
67847448,69503000,500
67830496,69489000,500
67799072,69459000,500
67760312,69420000,500
67738520,69401000,500