energy read:
965sleep offset, slope:
3969
236
active offset, slope:
860211
-1438
optimal DC:
358

30887800,46207000,358
30887800,46843000,358
30887800,46890000,358
30889438,47389000,358
30889944,47484000,358
30890700,47562000,358
30893426,48443000,358
30893270,48575000,358
30893064,48624000,358
30892914,48820000,358
30894506,49255000,358
30894892,49646000,358
30894658,49927000,358
30896208,50410000,358
30897772,50871000,358
30897124,51090000,358
30897792,51464000,358
30898564,51813000,358
30900562,52335000,358
30901378,52701000,358
30902458,53097000,358
30903964,53558000,358
30905654,54056000,358
30906544,54416000,358
30907462,54770000,358
30908806,55183000,358
30910028,55593000,358
30911176,55979000,358
30912682,56430000,358
30913668,56778000,358
30914606,57114000,358
30915040,57348000,358
30915454,57563000,358
30915846,57772000,358
30916216,57970000,358
30916196,58078000,358
30916154,58175000,358
30915882,58209000,358
30915788,58279000,358
30915840,58386000,358
30915850,58470000,358
30915440,58413000,358
30915082,58390000,358
30914744,58327000,358
30914352,58257000,358
30914016,58172000,358
30913732,58065000,358
30913488,57957000,358
30913416,57797000,358
30913184,57683000,358
30913030,57570000,358
30912692,57497000,358