energy read:
2187sleep offset, slope:
3969
236
active offset, slope:
860211
-1438
optimal DC:
813

70018888,71197000,813
70018888,74073000,813
70018888,75032000,813
70019928,75968000,813
70020560,76279000,813
70021120,76467000,813
70023936,77499000,813
70023800,77725000,813
70023608,77859000,813
70023456,78087000,813
70024920,78547000,813
70025320,78968000,813
70025024,79291000,813
70026432,79786000,813
70027888,80265000,813
70027296,80493000,813
70027848,80867000,813
70028552,81221000,813
70030432,81774000,813
70031144,82145000,813
70032144,82570000,813
70033488,83025000,813
70035096,83549000,813
70035856,83913000,813
70036712,84274000,813
70037904,84685000,813
70039040,85100000,813
70040096,85491000,813
70041480,85955000,813
70042392,86310000,813
70043240,86654000,813
70043648,86893000,813
70044024,87110000,813
70044384,87328000,813
70044736,87530000,813
70044704,87643000,813
70044688,87747000,813
70044448,87781000,813
70044352,87864000,813
70044376,87965000,813
70044416,88054000,813
70044032,88002000,813
70043712,87979000,813
70043392,87925000,813
70043016,87865000,813
70042736,87780000,813
70042488,87670000,813
70042232,87567000,813
70042176,87406000,813
70041960,87287000,813
70041816,87172000,813
70041536,87096000,813