energy read:
1101sleep offset, slope:
3969
236
active offset, slope:
860211
-1438
optimal DC:
409

35242808,50213000,409
35242808,51132000,409
35242808,51274000,409
35243960,51819000,409
35244648,51942000,409
35245476,52040000,409
35248356,52934000,409
35248200,53078000,409
35248000,53134000,409
35247852,53335000,409
35249432,53775000,409
35249824,54171000,409
35249552,54454000,409
35251080,54940000,409
35252644,55406000,409
35252008,55626000,409
35252648,56001000,409
35253408,56351000,409
35255416,56877000,409
35256228,57243000,409
35257296,57641000,409
35258772,58103000,409
35260468,58603000,409
35261336,58962000,409
35262248,59318000,409
35263572,59731000,409
35264788,60142000,409
35265928,60529000,409
35267420,60982000,409
35268396,61330000,409
35269332,61667000,409
35269756,61901000,409
35270172,62117000,409
35270564,62326000,409
35270932,62525000,409
35270908,62634000,409
35270880,62733000,409
35270604,62767000,409
35270512,62837000,409
35270560,62943000,409
35270572,63029000,409
35270168,62973000,409
35269812,62950000,409
35269476,62888000,409
35269084,62818000,409
35268752,62734000,409
35268484,62627000,409
35268232,62520000,409
35268160,62360000,409
35267928,62246000,409
35267772,62132000,409
35267444,62059000,409