energy read:
884sleep offset, slope:
3969
236
active offset, slope:
860211
-1438
optimal DC:
328

28294006,43833000,328
28294006,44307000,328
28294006,44301000,328
28295656,44774000,328
28295876,44851000,328
28296718,44919000,328
28299648,45792000,328
28299488,45918000,328
28299286,45963000,328
28299152,46156000,328
28300756,46588000,328
28301146,46976000,328
28300906,47256000,328
28302468,47737000,328
28304014,48197000,328
28303368,48414000,328
28304040,48788000,328
28304820,49135000,328
28306834,49655000,328
28307664,50021000,328
28308752,50416000,328
28310268,50878000,328
28311964,51374000,328
28312862,51734000,328
28313786,52088000,328
28315144,52501000,328
28316374,52911000,328
28317528,53296000,328
28319034,53746000,328
28320026,54094000,328
28320970,54429000,328
28321404,54663000,328
28321824,54877000,328
28322220,55087000,328
28322588,55283000,328
28322568,55392000,328
28322528,55488000,328
28322258,55522000,328
28322160,55591000,328
28322218,55698000,328
28322226,55781000,328
28321810,55724000,328
28321446,55701000,328
28321106,55638000,328
28320710,55567000,328
28320378,55482000,328
28320094,55375000,328
28319846,55266000,328
28319776,55106000,328
28319540,54992000,328
28319382,54879000,328
28319042,54806000,328