energy read:
3544sleep offset, slope:
3969
236
active offset, slope:
860211
-1438
optimal DC:
1318

113472952,71350000,1318
113472952,76413000,1318
113472952,78038000,1318
113473448,79218000,1318
113474488,79723000,1318
113474912,80070000,1318
113477400,81205000,1318
113477264,81501000,1318
113477112,81704000,1318
113476968,82021000,1318
113478256,82562000,1318
113478600,83004000,1318
113478376,83364000,1318
113479608,83883000,1318
113480896,84384000,1318
113480368,84658000,1318
113480888,85061000,1318
113481496,85437000,1318
113483168,85973000,1318
113483824,86357000,1318
113484696,86759000,1318
113485896,87226000,1318
113487312,87754000,1318
113488016,88142000,1318
113488784,88526000,1318
113489880,88957000,1318
113490888,89382000,1318
113491832,89790000,1318
113493080,90259000,1318
113493888,90614000,1318
113494664,90968000,1318
113495016,91216000,1318
113495352,91440000,1318
113495680,91655000,1318
113495976,91853000,1318
113495952,91958000,1318
113495944,92055000,1318
113495712,92102000,1318
113495624,92177000,1318
113495680,92291000,1318
113495672,92383000,1318
113495352,92339000,1318
113495048,92319000,1318
113494768,92254000,1318
113494440,92193000,1318
113494168,92119000,1318
113493944,92021000,1318
113493744,91921000,1318
113493688,91768000,1318
113493496,91654000,1318
113493368,91546000,1318
113493096,91480000,1318