energy read:
4449sleep offset, slope:
11043
195
active offset, slope:
878630
-35
optimal DC:
415

107172112,103998000,415
109200736,108119000,415
112817168,112186000,415
114513568,114201000,415
115081352,114946000,415
116338560,116362000,415
116917648,116991000,415
117110872,117238000,415
117517480,117673000,415
118575576,118789000,415
119792312,120017000,415
119991720,120238000,415
121190176,121443000,415
122303816,122535000,415
122719208,122988000,415
124032248,124271000,415
124995880,125206000,415
125972448,126133000,415
126958208,127085000,415
127543280,127644000,415
128496672,128581000,415
129159424,129211000,415
130074928,130082000,415
131444440,131339000,415
132858016,132641000,415
134075904,133751000,415
135404800,134928000,415
136471040,135915008,415
137493808,136848992,415
138631520,137883008,415
139448688,138628992,415
140301696,139392000,415
141177136,140188992,415
142059920,140978000,415
142906352,141732992,415
143555328,142336992,415
143865184,142628000,415
144261776,143000000,415
144612464,143334000,415
144679440,143403008,415
144584368,143335008,415
144602304,143379008,415
144451072,143259008,415
144092368,142932000,415
143539184,142420992,415
143080544,142000992,415
142565472,141528000,415
142122064,141123008,415
141547920,140575008,415
140971376,140034000,415
140549744,139640000,415
140000992,139119008,415