energy read:
3204sleep offset, slope:
11043
195
active offset, slope:
878630
-35
optimal DC:
0

73702712,72444000,0
75819352,74039000,0
79592680,77453000,0
81362704,79140000,0
81955112,79689000,0
83266880,80978000,0
83871088,81513000,0
84072696,81691000,0
84496936,82073000,0
85600936,83147000,0
86870464,84338000,0
87078520,84530000,0
88328984,85713000,0
89490920,86780000,0
89924352,87217000,0
91294352,88483000,0
92299800,89403000,0
93318728,90319000,0
94347240,91259000,0
94957728,91807000,0
95952472,92734000,0
96639776,93355000,0
97599192,94219000,0
99028128,95469000,0
100506440,96764000,0
101777064,97868000,0
103163456,99039000,0
104275872,100021000,0
105342912,100950000,0
106529880,101979000,0
107382416,102721000,0
108272336,103480000,0
109185648,104273000,0
110106688,105058000,0
110989784,105809000,0
111666808,106410000,0
111990048,106697000,0
112403800,107066000,0
112769640,107397000,0
112837736,107463000,0
112740208,107393000,0
112758848,107435000,0
112598016,107313000,0
112221048,106983000,0
111645088,106470000,0
111168064,106049000,0
110629232,105574000,0
110166616,105167000,0
109567616,104617000,0
108966136,104075000,0
108526264,103679000,0
107953704,103157000,0