energy read:
3342sleep offset, slope:
11043
195
active offset, slope:
878630
-35
optimal DC:
13

74823624,72423000,13
76937304,74028000,13
80705384,77445000,13
82472936,79135000,13
83064512,79685000,13
84374480,80974000,13
84977832,81510000,13
85179168,81688000,13
85602824,82071000,13
86705280,83145000,13
87973040,84336000,13
88180816,84528000,13
89429528,85710000,13
90589832,86777000,13
91022664,87215000,13
92390760,88481000,13
93394784,89401000,13
94412304,90317000,13
95439408,91258000,13
96049032,91805000,13
97042392,92733000,13
97728752,93354000,13
98686832,94218000,13
100113768,95468000,13
101590016,96763000,13
102852040,97866000,13
104236776,99038000,13
105347856,100019000,13
106413632,100948000,13
107599168,101977000,13
108450680,102720000,13
109339568,103478000,13
110251776,104271000,13
111171680,105057000,13
112053712,105808000,13
112729912,106409000,13
113052832,106696000,13
113466152,107066000,13
113831584,107396000,13
113899720,107462000,13
113802440,107393000,13
113821152,107434000,13
113660640,107312000,13
113284280,106982000,13
112709216,106469000,13
112230384,106048000,13
111693864,105573000,13
111231992,105166000,13
110633936,104616000,13
110033376,104074000,13
109594192,103679000,13
109022520,103157000,13