energy read:
5833sleep offset, slope:
11043
195
active offset, slope:
878630
-35
optimal DC:
918

147615024,125078000,918
149537296,131436000,918
152964128,136524000,918
154571600,139100000,918
155109632,140107008,918
156290704,141756000,918
156849648,142591008,918
157025072,142904000,918
157404416,143448992,918
158397040,144643008,918
159562432,145943008,918
159752336,146218000,918
160870400,147463008,918
161976144,148619008,918
162335488,149063008,918
163580432,150396992,918
164494160,151360000,918
165395744,152264992,918
166331600,153220992,918
166904368,153790000,918
167808400,154762000,918
168436048,155431008,918
169290544,156307008,918
170589376,157580000,918
171923648,158890000,918
173078848,160014000,918
174339136,161198000,918
175359088,162207008,918
176323344,163144000,918
177402160,164171008,918
178179968,164936000,918
178986240,165696992,918
179816400,166495008,918
180646688,167272992,918
181460832,168048992,918
182071680,168650000,918
182376944,168962000,918
182744304,169327008,918
183084880,169664992,918
183172704,169756000,918
183072128,169682000,918
183088960,169736000,918
182959056,169640992,918
182619392,169312992,918
182103264,168816000,918
181664080,168388000,918
181177520,167922000,918
180752016,167506000,918
180219136,166976992,918
179662432,166430000,918
179268336,166048992,918
178750592,165532992,918