energy read:
3121sleep offset, slope:
11043
195
active offset, slope:
878630
-35
optimal DC:
0

73702712,72423000,0
75819352,74028000,0
79592680,77445000,0
81362704,79137000,0
81955112,79687000,0
83266880,80976000,0
83871088,81511000,0
84072696,81689000,0
84496936,82071000,0
85600936,83145000,0
86870464,84336000,0
87078520,84528000,0
88328984,85711000,0
89490920,86778000,0
89924352,87216000,0
91294352,88482000,0
92299800,89402000,0
93318728,90319000,0
94347240,91259000,0
94957728,91806000,0
95952472,92734000,0
96639776,93354000,0
97599192,94218000,0
99028128,95469000,0
100506440,96764000,0
101777064,97868000,0
103156872,99039000,0
104269520,100020000,0
105336792,100949000,0
106523960,101978000,0
107376680,102720000,0
108266784,103479000,0
109180264,104272000,0
110101472,105057000,0
110984712,105808000,0
111661864,106410000,0
111985248,106697000,0
112399136,107066000,0
112765080,107397000,0
112833288,107462000,0
112735888,107393000,0
112754624,107435000,0
112593880,107312000,0
112217008,106982000,0
111641152,106469000,0
111164200,106049000,0
110624384,105574000,0
110161856,105166000,0
109562960,104617000,0
108961552,104075000,0
108521792,103679000,0
107949320,103157000,0