energy read:
2360sleep offset, slope:
11038
209
active offset, slope:
878630
-28
optimal DC:
34

71971864,70904000,34
71177280,69308000,34
70844664,68863000,34
71834864,69727000,34
71709824,69671000,34
71969624,69922000,34
72285504,70282000,34
72128808,70151000,34
72225424,70233000,34
72173040,70184000,34
72628440,70637000,34
72830232,70818000,34
72725304,70739000,34
72771152,70784000,34
72864328,70877000,34
72981936,70989000,34
73185896,71188000,34
73020112,71030000,34
72951232,70965000,34
73109368,71108000,34
73275232,71265000,34
73245984,71244000,34
73292920,71296000,34
73480240,71482000,34
73681600,71675000,34
73967280,71955000,34
74249416,72218000,34
74274728,72242000,34
74475264,72438000,34
74556392,72517000,34
74796168,72741000,34
74833976,72774000,34
74994760,72930000,34
75096104,73031000,34
75139872,73077000,34
75210728,73143000,34
75269736,73205000,34
75365504,73306000,34
75463496,73405000,34
75598624,73538000,34
75639216,73581000,34
75663400,73601000,34
75703528,73647000,34
75595168,73549000,34
75515432,73474000,34
75397832,73365000,34
75367208,73334000,34
75361192,73328000,34
75307288,73279000,34
75214032,73188000,34
75102176,73075000,34
75048832,73027000,34