energy read:
5000sleep offset, slope:
11038
209
active offset, slope:
878630
-28
optimal DC:
997

149861744,122751000,997
149143888,126393000,997
148843392,127681000,997
149731104,129455000,997
149624992,129953000,997
149862576,130599000,997
150145104,131183000,997
150007680,131245000,997
150090832,131464000,997
150040800,131534000,997
150452480,132036000,997
150642240,132295000,997
150538976,132246000,997
150590432,132370000,997
150669792,132504000,997
150771456,132668000,997
150961072,132917000,997
150813888,132793000,997
150750592,132750000,997
150883984,132912000,997
151036736,133101000,997
151017760,133107000,997
151052144,133177000,997
151218352,133384000,997
151400496,133596000,997
151655024,133890000,997
151918656,134176000,997
151937680,134207000,997
152120304,134415008,997
152194320,134510000,997
152407984,134740992,997
152450128,134780992,997
152588912,134943008,997
152681120,135062000,997
152726288,135122000,997
152784336,135192000,997
152844352,135268992,997
152923840,135372992,997
153016000,135484992,997
153137600,135624000,997
153175808,135668992,997
153195072,135684000,997
153235680,135730000,997
153140864,135644992,997
153068688,135576992,997
152963024,135475008,997
152931680,135446000,997
152928320,135442000,997
152881408,135399008,997
152797680,135316992,997
152696336,135212992,997
152643488,135164000,997