energy read:
3610sleep offset, slope:
11038
209
active offset, slope:
878630
-28
optimal DC:
490

108869120,107641000,490
108102640,108740000,490
107782104,109114000,490
108725400,110523000,490
108605120,110774000,490
108855440,111179000,490
109153424,111650000,490
109007928,111670000,490
109095504,111797000,490
109042480,111839000,490
109477152,112316000,490
109677440,112554000,490
109568232,112488000,490
109622504,112561000,490
109703920,112659000,490
109809648,112792000,490
110011760,113050000,490
109856352,112936000,490
109789504,112900000,490
109930472,113057000,490
110092800,113228000,490
110074808,113242000,490
110109040,113304000,490
110283800,113501000,490
110476208,113710000,490
110745056,114001000,490
111026080,114294000,490
111045144,114318000,490
111238944,114521000,490
111317056,114598000,490
111540280,114814000,490
111586784,114872000,490
111731432,115027000,490
111829672,115128000,490
111878360,115184000,490
111937920,115258000,490
112005344,115337000,490
112086040,115422000,490
112183336,115522000,490
112311800,115666000,490
112352960,115708000,490
112371704,115723000,490
112416168,115775000,490
112317088,115689000,490
112240248,115620000,490
112127592,115508000,490
112094480,115480000,490
112090920,115474000,490
112042336,115437000,490
111954488,115352000,490
111847104,115236000,490
111788976,115178000,490