energy read:
2499sleep offset, slope:
11038
209
active offset, slope:
878630
-28
optimal DC:
85

76072896,74997000,85
75282352,73684000,85
74951424,73334000,85
75936592,74244000,85
75812168,74217000,85
76070656,74488000,85
76384928,74861000,85
76229024,74742000,85
76325168,74831000,85
76273024,74788000,85
76726120,75245000,85
76926880,75432000,85
76822504,75356000,85
76868104,75404000,85
76960800,75500000,85
77077824,75614000,85
77280752,75815000,85
77115800,75659000,85
77047272,75596000,85
77201200,75740000,85
77367360,75899000,85
77341328,75879000,85
77384272,75932000,85
77569904,76119000,85
77770376,76313000,85
78054728,76593000,85
78335552,76858000,85
78360848,76882000,85
78560488,77079000,85
78641304,77159000,85
78879976,77383000,85
78917664,77418000,85
79077728,77573000,85
79178632,77675000,85
79223672,77723000,85
79292824,77788000,85
79352920,77852000,85
79446912,77952000,85
79545016,78052000,85
79678968,78185000,85
79719912,78228000,85
79744040,78249000,85
79784656,78296000,85
79678248,78199000,85
79598904,78124000,85
79481896,78015000,85
79451416,77984000,85
79445432,77978000,85
79391792,77930000,85
79298520,77839000,85
79186872,77726000,85
79132864,77677000,85