energy read:
2276sleep offset, slope:
11038
209
active offset, slope:
878630
-28
optimal DC:
4

69493552,70010000,4
68696512,68353000,4
68362872,67887000,4
69356136,68741000,4
69230696,68679000,4
69491312,68927000,4
69808160,69283000,4
69650976,69150000,4
69747896,69230000,4
69695328,69180000,4
70152136,69632000,4
70354544,69811000,4
70249312,69733000,4
70295288,69776000,4
70388744,69868000,4
70506728,69980000,4
70711296,70178000,4
70545008,70020000,4
70475928,69954000,4
70634528,70098000,4
70800920,70254000,4
70771584,70233000,4
70818648,70285000,4
71006560,70471000,4
71208528,70664000,4
71496392,70944000,4
71776536,71206000,4
71801984,71230000,4
72003192,71426000,4
72084600,71505000,4
72325184,71729000,4
72363144,71761000,4
72524480,71917000,4
72626168,72019000,4
72670104,72065000,4
72741192,72130000,4
72800424,72193000,4
72896496,72293000,4
72994832,72392000,4
73130392,72526000,4
73171144,72568000,4
73195448,72588000,4
73235696,72634000,4
73127616,72536000,4
73048440,72461000,4
72929688,72351000,4
72900344,72321000,4
72893696,72314000,4
72839616,72266000,4
72745368,72175000,4
72633168,72061000,4
72579632,72013000,4