energy read:
3688sleep offset, slope:
4993
236
active offset, slope:
878929
-1256
optimal DC:
1341

118049464,109219000,1341
118049464,110849000,1341
118049464,110714000,1341
118052144,112012000,1341
118053744,112315000,1341
118055680,112483000,1341
118062400,114931000,1341
118062032,115293000,1341
118061568,115400000,1341
118061216,115974000,1341
118065144,117224000,1341
118066064,117797000,1341
118065504,118145000,1341
118069328,119116000,1341
118073104,120073000,1341
118071504,120733000,1341
118073136,121848000,1341
118075040,122915000,1341
118079976,124439000,1341
118082000,125519000,1341
118084648,126689000,1341
118088352,128038000,1341
118092528,129477000,1341
118094720,130512000,1341
118096952,131522000,1341
118100264,132690000,1341
118103264,133870000,1341
118106096,134964000,1341
118109792,136234000,1341
118112208,137239008,1341
118114520,138182000,1341
118115600,138862000,1341
118116592,139478000,1341
118117576,140079008,1341
118118496,140652992,1341
118118448,140972992,1341
118118344,141252000,1341
118117704,141360992,1341
118117448,141576992,1341
118117592,141884992,1341
118117616,142127008,1341
118116600,141988000,1341
118115720,141942000,1341
118114896,141776000,1341
118113920,141596000,1341
118113104,141372992,1341
118112408,141087008,1341
118111808,140803008,1341
118111632,140367008,1341
118111072,140064000,1341
118110672,139763008,1341
118109840,139571008,1341