energy read:
2437sleep offset, slope:
4993
236
active offset, slope:
878929
-1256
optimal DC:
885

77994080,106251000,885
77994080,107721000,885
77994080,107688000,885
77998136,109002000,885
77998672,109140000,885
78000752,109318000,885
78007952,111761000,885
78007560,112109000,885
78007064,112244000,885
78006752,112789000,885
78010896,113975000,885
78011904,115023000,885
78011288,115800000,885
78015376,117135000,885
78019400,118411000,885
78017704,119022000,885
78019488,120041000,885
78021536,121004000,885
78026800,122442000,885
78028952,123465000,885
78031784,124556000,885
78035792,125819000,885
78040256,127201000,885
78042592,128178000,885
78044984,129165000,885
78048520,130315000,885
78051744,131453000,885
78054736,132521000,885
78058680,133774000,885
78061264,134744992,885
78063744,135676992,885
78064856,136328992,885
78065952,136926000,885
78066992,137512992,885
78067928,138060000,885
78067880,138364000,885
78067768,138628000,885
78067072,138730000,885
78066824,138926000,885
78066992,139218000,885
78066984,139448000,885
78065896,139292000,885
78064952,139228000,885
78064064,139052992,885
78063040,138859008,885
78062160,138626000,885
78061408,138322000,885
78060776,138022000,885
78060592,137576992,885
78059976,137264000,885
78059560,136948992,885
78058672,136750000,885