energy read:
2576sleep offset, slope:
4993
236
active offset, slope:
878929
-1256
optimal DC:
936

82444680,104292000,936
82444680,106195000,936
82444680,106415000,936
82446200,107803000,936
82449440,108099000,936
82450768,108370000,936
82458512,110839000,936
82458128,111246000,936
82457616,111422000,936
82457144,111957000,936
82461328,113170000,936
82462440,114302000,936
82461520,115059000,936
82465584,116388000,936
82469832,117687000,936
82468144,118282000,936
82469696,119304000,936
82471736,120271000,936
82477152,121743000,936
82479168,122774000,936
82482080,123904000,936
82485888,125160000,936
82490456,126560000,936
82492656,127540000,936
82495080,128522000,936
82498464,129654000,936
82501696,130795000,936
82504728,131865000,936
82508664,133124000,936
82511256,134089000,936
82513720,135028000,936
82514872,135687008,936
82515936,136278000,936
82516960,136867008,936
82517944,137424000,936
82517904,137730000,936
82517872,138012992,936
82517176,138107008,936
82516920,138294000,936
82516984,138571008,936
82517088,138824992,936
82515968,138680000,936
82515096,138618000,936
82514144,138446000,936
82513112,138248000,936
82512272,138007008,936
82511576,137708000,936
82510848,137424992,936
82510680,136984000,936
82510072,136659008,936
82509656,136350000,936
82508864,136136000,936