energy read:
5077sleep offset, slope:
4993
236
active offset, slope:
878929
-1256
optimal DC:
1847

162523424,104656000,1847
162523424,110868000,1847
162523424,112678000,1847
162523424,114822000,1847
162527696,115588000,1847
162528336,116131000,1847
162535392,118841000,1847
162535040,119380000,1847
162534624,119590000,1847
162534192,120224000,1847
162537856,121498000,1847
162538800,122656000,1847
162538096,123489000,1847
162541600,124878000,1847
162545168,126215000,1847
162543744,126855000,1847
162545152,127926000,1847
162546912,128924000,1847
162551568,130425000,1847
162553360,131462000,1847
162555824,132581000,1847
162559216,133870000,1847
162563152,135276992,1847
162565104,136291008,1847
162567200,137292992,1847
162570256,138428000,1847
162573024,139592000,1847
162575664,140658000,1847
162579088,141930000,1847
162581360,142906000,1847
162583504,143836992,1847
162584464,144484000,1847
162585424,145079008,1847
162586304,145652000,1847
162587152,146210000,1847
162587088,146523008,1847
162587024,146800000,1847
162586416,146900000,1847
162586192,147103008,1847
162586320,147394000,1847
162586352,147623008,1847
162585408,147467008,1847
162584608,147400000,1847
162583808,147235008,1847
162582912,147047008,1847
162582160,146820992,1847
162581536,146524000,1847
162580960,146222000,1847
162580800,145783008,1847
162580256,145468000,1847
162579920,145160992,1847
162579152,144962000,1847