energy read:
2354sleep offset, slope:
4993
236
active offset, slope:
878929
-1256
optimal DC:
855

75336520,106155000,855
75336520,107564000,855
75336520,107425000,855
75340600,108746000,855
75341152,108964000,855
75343232,109145000,855
75350472,111534000,855
75350072,111898000,855
75349576,112032000,855
75349248,112565000,855
75353432,113770000,855
75354424,114830000,855
75353808,115604000,855
75357912,116932000,855
75361968,118181000,855
75360248,118772000,855
75362024,119811000,855
75364088,120778000,855
75369376,122214000,855
75371536,123222000,855
75374376,124321000,855
75378408,125601000,855
75382864,126968000,855
75385208,127968000,855
75387624,128950000,855
75391184,130103000,855
75394416,131240000,855
75397424,132313000,855
75401376,133570000,855
75403984,134535008,855
75406480,135462000,855
75407608,136114000,855
75408688,136711008,855
75409752,137300000,855
75410704,137847008,855
75410656,138148992,855
75410528,138410000,855
75409840,138508000,855
75409584,138706000,855
75409744,139006000,855
75409744,139239008,855
75408656,139082000,855
75407704,139016992,855
75406824,138840992,855
75405792,138644992,855
75404904,138412992,855
75404160,138108992,855
75403504,137807008,855
75403328,137356992,855
75402712,137040000,855
75402304,136730000,855
75401400,136528992,855