energy read:
12990sleep offset, slope:
12252
195
active offset, slope:
857429
-35
optimal DC:
713

290567392,289923008,713
297155808,299643008,713
308900896,312580000,713
314410368,319328992,713
316254336,321815008,713
320337408,326556992,713
322248032,328673984,713
322845632,329492992,713
324166144,330943008,713
327582976,334630016,713
331553984,338772000,713
332201600,339507008,713
336030784,343484992,713
339762784,347227008,713
341033664,348659008,713
345299520,352948000,713
348430496,356112000,713
351519744,359156000,713
354726688,362364992,713
356674816,364246016,713
359773568,367369984,713
361924928,369486016,713
364853632,372343008,713
369305376,376580992,713
373878464,380900992,713
377838016,384620992,713
382157664,388560992,713
385653344,391908000,713
388967456,395017984,713
392664832,398471008,713
395330400,400995008,713
398093600,403545984,713
400938720,406219008,713
403784256,408840000,713
406574400,411400000,713
408667840,413424000,713
409713984,414422016,713
410972928,415648992,713
412140160,416793984,713
412440832,417104000,713
412096160,416833984,713
412153696,416991008,713
411716992,416640992,713
410552480,415560000,713
408783200,413864992,713
407277728,412446016,713
405609952,410872992,713
404144512,409484992,713
402318048,407692992,713
400409888,405839008,713
399059168,404544000,713
397284608,402800992,713