energy read:
10554sleep offset, slope:
12252
195
active offset, slope:
857429
-35
optimal DC:
0

247036256,238660000,0
254130640,244892992,0
266777664,256631008,0
272710208,262438000,0
274695744,264367008,0
279092384,268744992,0
281117472,270579008,0
281793184,271206016,0
283215168,272512000,0
286915328,276131008,0
291170304,280136992,0
291867680,280792000,0
296058784,284768992,0
299953184,288356000,0
301405920,289830016,0
305997664,294083008,0
309367488,297172992,0
312782624,300248000,0
316229888,303404992,0
318275968,305244992,0
321609984,308358016,0
323913632,310440992,0
327129248,313340000,0
331918592,317534016,0
336873376,321878016,0
341132096,325580000,0
345778784,329508992,0
349507232,332800992,0
353083584,335916992,0
357061952,339369984,0
359919328,341859008,0
362902080,344401984,0
365963232,347062016,0
369050176,349696000,0
372010080,352212992,0
374279264,354230016,0
375362592,355192992,0
376749376,356432992,0
377975488,357542016,0
378203776,357763008,0
377876928,357532000,0
377939360,357672992,0
377400288,357263008,0
376136832,356158016,0
374206368,354440000,0
372607552,353031008,0
370801632,351440000,0
369251072,350075008,0
367243488,348232992,0
365227456,346417984,0
363753152,345092000,0
361834112,343343008,0