energy read:
10338sleep offset, slope:
12252
195
active offset, slope:
857429
-35
optimal DC:
0

247036256,238619008,0
254130640,244872000,0
266777664,256618000,0
272710208,262426000,0
274695744,264356992,0
279092384,268736992,0
281117472,270567008,0
281793184,271198016,0
283215168,272504992,0
286915328,276124992,0
291170304,280135008,0
291867680,280790016,0
296058784,284764000,0
299953184,288351008,0
301405920,289824992,0
305997664,294078016,0
309367488,297168992,0
312782624,300244992,0
316229888,303400992,0
318275968,305240992,0
321609984,308355008,0
323913632,310438016,0
327129248,313337984,0
331918592,317532000,0
336873376,321878016,0
341109184,325577984,0
345756704,329507008,0
349485984,332799008,0
353063104,335915008,0
357042080,339367008,0
359900128,341856000,0
362883456,344400992,0
365945120,347060000,0
369032672,349695008,0
371993088,352212000,0
374262688,354228992,0
375346496,355192992,0
376733664,356432992,0
377960256,357540992,0
378188864,357763008,0
377862400,357531008,0
377925216,357672000,0
377386432,357263008,0
376123328,356158016,0
374193152,354440000,0
372586016,353030016,0
370785376,351440000,0
369235136,350075008,0
367227872,348232992,0
365212192,346416992,0
363738176,345092000,0
361819424,343342016,0