energy read:
10419sleep offset, slope:
12252
195
active offset, slope:
857429
-35
optimal DC:
0

247036256,238618000,0
254130640,244872000,0
266777664,256618000,0
272710208,262434000,0
274695744,264364000,0
279092384,268743008,0
281117472,270579008,0
281793184,271208000,0
283215168,272513984,0
286915328,276129984,0
291170304,280140000,0
291867680,280795008,0
296058784,284769984,0
299953184,288356000,0
301405920,289831008,0
305997664,294081984,0
309367488,297172000,0
312782624,300248992,0
316229888,303404992,0
318275968,305244000,0
321609984,308358016,0
323913632,310440992,0
327129248,313340992,0
331918592,317535008,0
336873376,321880000,0
341109184,325580000,0
345756704,329510016,0
349485984,332801984,0
353063104,335916992,0
357042080,339369984,0
359900128,341859008,0
362883456,344403008,0
365945120,347060000,0
369032672,349696000,0
371993088,352214016,0
374262688,354231008,0
375346496,355195008,0
376733664,356435008,0
377960256,357544000,0
378188864,357764992,0
377862400,357532992,0
377925216,357673984,0
377386432,357264000,0
376123328,356159008,0
374193152,354440992,0
372594592,353031008,0
370793792,351440992,0
369243360,350076000,0
367235936,348233984,0
365220064,346417984,0
363745952,345092992,0
361827072,343344000,0