energy read:
11637sleep offset, slope:
12252
195
active offset, slope:
857429
-35
optimal DC:
209

259844336,253304992,209
266789872,260542000,209
279171456,272623008,209
284979552,278604000,209
286923456,280636992,209
291227808,285075008,209
293210432,286963008,209
293872000,287624000,209
295264096,288951008,209
298886624,292584000,209
303071008,296619008,209
303752192,297296000,209
307820768,301251008,209
311693152,304904000,209
313073120,306348992,209
317568576,310611008,209
320867712,313718016,209
324181728,316767008,209
327558272,319931008,209
329592992,321792000,209
332856896,324910016,209
335112064,327006016,209
338233792,329884000,209
342923552,334088992,209
347752768,338424992,209
351923840,342128992,209
356474560,346063008,209
360136256,349375008,209
363628928,352481984,209
367524992,355936000,209
370323584,358432992,209
373244896,360976992,209
376242784,363640000,209
379257696,366267008,209
382172640,368804000,209
384378656,370820000,209
385456096,371799008,209
386799040,373027008,209
388007520,374152000,209
388281632,374408000,209
387934528,374156000,209
387995776,374303008,209
387498176,373915008,209
386279520,372832000,209
384396000,371115008,209
382814048,369695008,209
381049952,368108000,209
379531200,366740992,209
377571648,364910016,209
375586080,363080992,209
374149728,361767008,209
372273440,360020992,209