energy read:
8820sleep offset, slope:
12247
209
active offset, slope:
857429
-49
optimal DC:
459

260522656,264966000,459
257973024,262944000,459
256905776,262434000,459
260083024,265876992,459
259681776,266018000,459
260515520,267108000,459
261520432,268457984,459
261033456,268162000,459
261329616,268516000,459
261152688,268415008,459
262615376,269967008,459
263276912,270643008,459
262923280,270408000,459
263111184,270592000,459
263392992,270920992,459
263754096,271316000,459
264427536,272000992,459
263898320,271503008,459
263676688,271311008,459
264150656,271795008,459
264693344,272352000,459
264626032,272304992,459
264748224,272476992,459
265338656,273104992,459
265985712,273767008,459
266889680,274700992,459
267826160,275611008,459
267893776,275681984,459
268542432,276340000,459
268805344,276609984,459
269562176,277343008,459
269712000,277480000,459
270204960,277980992,459
270532608,278335008,459
270693088,278512000,459
270895104,278723008,459
271114176,278952992,459
271390976,279264992,459
271716832,279612000,459
272148992,280064992,459
272287680,280220992,459
272353600,280281984,459
272500640,280452000,459
272165728,280142016,459
271907648,279892992,459
271532512,279531008,459
271421344,279416992,459
271409568,279412000,459
271244640,279262016,459
270948352,278967008,459
270588448,278583008,459
270398240,278407008,459