energy read:
7591sleep offset, slope:
12247
209
active offset, slope:
857429
-49
optimal DC:
0

231802880,230530000,0
229130624,225851008,0
228012032,224583008,0
231342160,227591008,0
230921616,227470000,0
231795408,228358000,0
232857744,229592992,0
232330752,229179008,0
232655664,229471008,0
232479488,229324000,0
234011008,230852992,0
234689664,231468000,0
234336816,231216000,0
234491008,231368992,0
234804336,231687008,0
235199904,232071008,0
235885808,232739008,0
235328208,232214000,0
235096624,232000992,0
235628416,232484992,0
236186288,233014000,0
236087872,232944992,0
236245696,233123008,0
236875728,233750000,0
237552912,234400000,0
238518016,235340000,0
239459824,236224000,0
239545008,236306000,0
240219568,236964000,0
240492496,237231008,0
241298992,237984000,0
241426144,238095008,0
241967024,238619008,0
242307888,238960992,0
242455184,239116000,0
242693504,239336992,0
242892000,239547008,0
243214096,239884992,0
243543712,240216992,0
243998176,240666000,0
244134816,240808992,0
244216176,240879008,0
244351120,241032000,0
243988688,240704000,0
243723184,240455008,0
243325056,240088000,0
243226672,239987008,0
243204304,239964992,0
243022960,239803008,0
242706896,239499008,0
242330720,239119008,0
242151168,238960000,0