energy read:
7509sleep offset, slope:
12247
209
active offset, slope:
857429
-49
optimal DC:
0

231601648,230558000,0
228996480,225864992,0
227903424,224592000,0
231247200,227594000,0
230834336,227472000,0
231713392,228358000,0
232779456,229594000,0
232255088,229179008,0
232582144,229472992,0
232407600,229324992,0
233940608,230854000,0
234620464,231468992,0
234268528,231216000,0
234423520,231370000,0
234737584,231688000,0
235133792,232071008,0
235820336,232740000,0
235263152,232215008,0
235031936,232002000,0
235564208,232487008,0
236122432,233016000,0
236024352,232947008,0
236182464,233124000,0
236812848,233751008,0
237490288,234400992,0
238455712,235340992,0
239395296,236224000,0
239480816,236306000,0
240155664,236964000,0
240428832,237230000,0
241235616,237983008,0
241363040,238094000,0
241904160,238619008,0
242245264,238960000,0
242392720,239116000,0
242631216,239336992,0
242829888,239548000,0
243152176,239884000,0
243482000,240216992,0
243936656,240667008,0
244073392,240808992,0
244154912,240879008,0
244289968,241032000,0
243927616,240704992,0
243662224,240455008,0
243264112,240088000,0
243165808,239987008,0
243143600,239964992,0
242962288,239803008,0
242646320,239499008,0
242270192,239119008,0
242090704,238959008,0