energy read:
10185sleep offset, slope:
12247
209
active offset, slope:
857429
-49
optimal DC:
969

292420480,281891008,969
290007136,282363008,969
288996864,282579008,969
291981280,286431008,969
291624576,286872992,969
292423328,288132992,969
293373120,289542016,969
292917952,289344000,969
293184352,289759008,969
293007904,289708992,969
294393248,291347008,969
295032256,292080000,969
294685952,291873984,969
294859840,291902016,969
295119968,292256992,969
295457344,292484000,969
296101312,293240992,969
295607296,292600992,969
295395200,292452992,969
295844352,292804992,969
296358528,293379008,969
296295296,293388000,969
296411328,293448992,969
296970656,293982016,969
297583392,294665984,969
298439328,295520000,969
299326112,296366016,969
299390400,296368992,969
300004672,297083008,969
300253760,297294016,969
300972416,297974016,969
301107936,298060992,969
301581088,298607008,969
301889504,298900992,969
302037472,299025984,969
302238720,299188992,969
302440704,299455008,969
302708096,299731008,969
303014208,300032992,969
303423392,300441984,969
303550688,300555008,969
303619328,300584992,969
303752608,300716000,969
303432704,300364000,969
303190304,300144000,969
302835392,299812000,969
302731424,299668000,969
302719200,299695008,969
302560224,299507008,969
302279008,299238016,969
301939488,298892992,969
301764512,298755008,969