energy read:
7727sleep offset, slope:
12247
209
active offset, slope:
857429
-49
optimal DC:
51

234980992,232763008,51
232322288,228220992,51
231209376,226990000,51
234522576,230023008,51
234104208,229915008,51
234973568,230812992,51
236030480,232056000,51
235506160,231648992,51
235829472,231946000,51
235654128,231799008,51
237177888,233330000,51
237853088,233948992,51
237502032,233696992,51
237655472,233855008,51
237967184,234174000,51
238360752,234558000,51
239043168,235228992,51
238488416,234704992,51
238258000,234492992,51
238787072,234976992,51
239342080,235507008,51
239244224,235439008,51
239398272,235616992,51
240022256,236244000,51
240696192,236894000,51
241652304,237834000,51
242596496,238719008,51
242681408,238800992,51
243352544,239460000,51
243624144,239727008,51
244426640,240478000,51
244553232,240592000,51
245091440,241115008,51
245430624,241456000,51
245577200,241612992,51
245814368,241834000,51
246011936,242046000,51
246332432,242382000,51
246660432,242716000,51
247112624,243164000,51
247248592,243308000,51
247324416,243378000,51
247461056,243532000,51
247103312,243204992,51
246836576,242955008,51
246443072,242588992,51
246340656,242486000,51
246320560,242466000,51
246140208,242304000,51
245828256,242000992,51
245454000,241620000,51
245275424,241460000,51