energy read:
7851sleep offset, slope:
6202
236
active offset, slope:
857755
-1367
optimal DC:
2924

251158880,243640000,2924
251158880,239452992,2924
251158880,236647008,2924
251169536,239723008,2924
251169392,239638000,2924
251175536,239743008,2924
251195712,247482000,2924
251194640,248366000,2924
251193248,248571008,2924
251192384,250195008,2924
251203088,251856000,2924
251205488,253488000,2924
251203872,254439008,2924
251214080,259212000,2924
251224352,263743008,2924
251219984,266004000,2924
251224400,269695008,2924
251229648,273116992,2924
251243008,278113984,2924
251248464,281683008,2924
251255664,285484000,2924
251265952,289918016,2924
251277312,294614016,2924
251283392,298072992,2924
251289600,301457984,2924
251298672,305383008,2924
251307008,309286016,2924
251314672,312939008,2924
251324752,317212000,2924
251331344,320516992,2924
251337696,323696000,2924
251340608,325923008,2924
251343440,327976000,2924
251346064,329980000,2924
251348416,331843008,2924
251348288,332903008,2924
251347968,333822016,2924
251346208,334182016,2924
251345520,334865984,2924
251345968,335907008,2924
251345936,336704000,2924
251343168,336199008,2924
251340800,336014016,2924
251338496,335441984,2924
251335872,334816000,2924
251333648,334056992,2924
251331712,333089984,2924
251330096,332092992,2924
251329568,330624000,2924
251328016,329583008,2924
251326896,328553984,2924
251324592,327904000,2924