energy read:
7987sleep offset, slope:
6202
236
active offset, slope:
857755
-1367
optimal DC:
2974

255511664,244520992,2974
255511664,240564000,2974
255511664,237628000,2974
255522224,240684000,2974
255522064,240592000,2974
255528176,240688992,2974
255548192,248414000,2974
255547120,249294000,2974
255545744,249498000,2974
255544880,251118000,2974
255555120,254988000,2974
255557600,256359008,2974
255556112,257088000,2974
255566512,259958000,2974
255576704,264491008,2974
255572320,266748000,2974
255576736,270451008,2974
255581888,273875008,2974
255595104,278872992,2974
255600448,282436992,2974
255607664,286260992,2974
255617888,290705984,2974
255629168,295424000,2974
255635200,298889984,2974
255641296,302267008,2974
255650288,306216000,2974
255658432,310111008,2974
255666000,313768992,2974
255676032,318025984,2974
255682576,321332000,2974
255688896,324510016,2974
255691776,326740000,2974
255694560,328792992,2974
255697184,330800000,2974
255699536,332668992,2974
255699424,333728000,2974
255699104,334648000,2974
255697328,335011008,2974
255696672,335696000,2974
255697088,336737984,2974
255697104,337537984,2974
255694352,337040992,2974
255691968,336856000,2974
255689696,336295008,2974
255687104,335668992,2974
255684864,334910016,2974
255682976,333944000,2974
255681360,332947008,2974
255680896,331476992,2974
255679328,330446016,2974
255678288,329420992,2974
255675968,328772992,2974