energy read:
7769sleep offset, slope:
6202
236
active offset, slope:
857755
-1367
optimal DC:
2893

248534416,231780000,2893
248534416,233492000,2893
248534416,232552000,2893
248534416,236366000,2893
248542336,236862000,2893
248545264,237332992,2893
248569728,245424992,2893
248568752,246632992,2893
248567536,244256992,2893
248566336,246126000,2893
248577696,248154000,2893
248580832,250132000,2893
248578768,251282000,2893
248588992,256242000,2893
248599664,260984000,2893
248595408,263360992,2893
248599744,267122000,2893
248605040,270648000,2893
248618832,275816992,2893
248624160,279444000,2893
248631552,283358016,2893
248641648,287795008,2893
248653328,292623008,2893
248659200,296084000,2893
248665424,299547008,2893
248674512,303516000,2893
248682816,307465984,2893
248690704,311184000,2893
248701008,315497984,2893
248707792,318841984,2893
248714304,322068000,2893
248717216,324334016,2893
248720064,326425984,2893
248722704,328451008,2893
248725248,330371008,2893
248725024,331444000,2893
248724864,332430016,2893
248723008,332801984,2893
248722400,333500000,2893
248722736,334544992,2893
248722784,335390016,2893
248720032,334916992,2893
248717632,334756000,2893
248715344,334216992,2893
248712656,333608000,2893
248710416,332854016,2893
248708560,331900992,2893
248706880,330940000,2893
248706336,329492992,2893
248704768,328460992,2893
248703728,327432992,2893
248701440,326784000,2893