energy read:
10445sleep offset, slope:
6202
236
active offset, slope:
857755
-1367
optimal DC:
3892

334181536,259456992,3892
334181536,255408000,3892
334181536,252600992,3892
334190496,255659008,3892
334190784,255576992,3892
334196064,255602000,3892
334212576,263342000,3892
334211648,264251008,3892
334210496,264452992,3892
334209760,266072000,3892
334218912,269969984,3892
334220672,273462016,3892
334219488,275964992,3892
334228192,280363008,3892
334236896,284547008,3892
334233152,286499008,3892
334236800,289911008,3892
334241152,293096000,3892
334252320,297878016,3892
334256960,301246016,3892
334263168,304884000,3892
334271904,309156000,3892
334281408,313724992,3892
334286464,317049984,3892
334291616,320312000,3892
334299264,324147008,3892
334306240,327940000,3892
334312704,331478016,3892
334321440,334264992,3892
334327104,336184992,3892
334332544,338071008,3892
334334912,340348000,3892
334337184,342443008,3892
334339424,344492992,3892
334341408,346384992,3892
334341280,347480992,3892
334340928,348432992,3892
334339424,348832000,3892
334338816,349545984,3892
334339168,350615008,3892
334339168,351436992,3892
334336864,350964000,3892
334334720,350806016,3892
334332768,350268992,3892
334330560,349672000,3892
334328672,348936992,3892
334326976,347990016,3892
334325664,347003008,3892
334325312,345553984,3892
334324000,344539008,3892
334323232,343529984,3892
334321216,342900000,3892