energy read:
9080sleep offset, slope:
6202
236
active offset, slope:
857755
-1367
optimal DC:
3382

290493824,250784000,3382
290493824,246867008,3382
290493824,244024992,3382
290503680,247052000,3382
290503968,246946000,3382
290509792,247015008,3382
290528128,254734000,3382
290527136,255588992,3382
290525824,255770000,3382
290524960,257394000,3382
290535040,261271008,3382
290536928,264716992,3382
290535584,267219008,3382
290545120,271604000,3382
290554688,275796000,3382
290550560,277742016,3382
290554752,281174016,3382
290559328,284352992,3382
290571584,289136992,3382
290576736,290928000,3382
290583456,293137984,3382
290593056,296116992,3382
290603456,300872992,3382
290609088,304374016,3382
290614784,307784992,3382
290623232,311756992,3382
290630752,315672992,3382
290637888,319344992,3382
290647296,323636992,3382
290653440,326964000,3382
290659328,330159008,3382
290662048,332414016,3382
290664576,334479008,3382
290667008,336507008,3382
290669120,338388000,3382
290669056,339467008,3382
290668736,340399008,3382
290667136,340779008,3382
290666464,341480000,3382
290666848,342537984,3382
290666848,343343008,3382
290664288,342838016,3382
290661984,342662016,3382
290659840,342100000,3382
290657344,341487008,3382
290655296,340732000,3382
290653472,339774016,3382
290651968,338784000,3382
290651552,337315008,3382
290650112,336292992,3382
290649056,335275008,3382
290646976,334633984,3382