3608, 0.0055, 0.0055, 0.1, 0.000887, 0.000027
7207, 0.0045, 0.0034, 0.2, 0.000887, 0.000027
10806, 0.0041, 0.0034, 0.3, 0.000887, 0.000027
14405, 0.0040, 0.0034, 0.4, 0.000887, 0.000027
18004, 0.0039, 0.0034, 0.5, 0.000886, 0.000026
21604, 0.0038, 0.0034, 0.6, 0.000886, 0.000026
25203, 0.0037, 0.0034, 0.7, 0.000886, 0.000026
28802, 0.0037, 0.0034, 0.8, 0.000885, 0.000025
32402, 0.0037, 0.0034, 0.9, 0.000885, 0.000025
36001, 0.0036, 0.0034, 1.0, 0.000885, 0.000025
39601, 0.0364, 0.3635, 2.2, 0.000883, 0.000025
43200, 0.0636, 0.3635, 3.4, 0.000883, 0.000025
46835, 0.0866, 0.3599, 4.6, 0.000883, 0.000025
50435, 0.1064, 0.3635, 5.9, 0.000883, 0.000025
54034, 0.1235, 0.3635, 7.1, 0.000883, 0.000025
57634, 0.1385, 0.3635, 8.3, 0.000883, 0.000025
61233, 0.1517, 0.3635, 9.5, 0.000883, 0.000024
64833, 0.1635, 0.3635, 10.7, 0.000883, 0.000024
68432, 0.1740, 0.3635, 11.9, 0.000883, 0.000024
72031, 0.1835, 0.3635, 13.1, 0.000883, 0.000024
75630, 0.2092, 0.7236, 15.4, 0.000884, 0.000024
79230, 0.2325, 0.7236, 17.8, 0.000884, 0.000025
82829, 0.2539, 0.7236, 20.1, 0.000884, 0.000025
86428, 0.2734, 0.7236, 22.4, 0.000885, 0.000025
90027, 0.2914, 0.7236, 24.8, 0.000885, 0.000025
93626, 0.3080, 0.7235, 27.1, 0.000885, 0.000025
97226, 0.3234, 0.7235, 29.4, 0.000885, 0.000025
100825, 0.3377, 0.7235, 31.8, 0.000885, 0.000025
104424, 0.3510, 0.7235, 34.1, 0.000885, 0.000025
108023, 0.3634, 0.7235, 36.4, 0.000885, 0.000025
111600, 0.3859, 1.0657, 39.8, 0.000885, 0.000025
115200, 0.4077, 1.0835, 43.2, 0.000884, 0.000025
118800, 0.4282, 1.0835, 46.7, 0.000884, 0.000025
122400, 0.4475, 1.0835, 50.1, 0.000884, 0.000025
126000, 0.4656, 1.0835, 53.6, 0.000884, 0.000025
129600, 0.4828, 1.0835, 57.0, 0.000884, 0.000025
133200, 0.4990, 1.0835, 60.5, 0.000884, 0.000025
136800, 0.5144, 1.0835, 63.9, 0.000884, 0.000025
140400, 0.5290, 1.0835, 67.4, 0.000884, 0.000026
144000, 0.5429, 1.0835, 70.8, 0.000884, 0.000026
147608, 0.5303, 0.0269, 70.9, 0.000884, 0.000025
151207, 0.5177, 0.0034, 71.0, 0.000884, 0.000025
154806, 0.5058, 0.0034, 71.1, 0.000884, 0.000025
158406, 0.4944, 0.0034, 71.2, 0.000884, 0.000025
162005, 0.4834, 0.0034, 71.3, 0.000884, 0.000025
165604, 0.4730, 0.0034, 71.4, 0.000884, 0.000025
169204, 0.4630, 0.0034, 71.5, 0.000884, 0.000025
172803, 0.4535, 0.0034, 71.6, 0.000884, 0.000025
176402, 0.4443, 0.0034, 71.7, 0.000884, 0.000025
180000, 0.4362, 0.0426, 71.9, 0.000884, 0.000025
183600, 0.4473, 1.0000, 75.1, 0.000884, 0.000025
187234, 0.4679, 1.5101, 80.0, 0.000884, 0.000025
190834, 0.4677, 0.4560, 81.4, 0.000884, 0.000025
194433, 0.4675, 0.4560, 82.9, 0.000884, 0.000025
198033, 0.4673, 0.4560, 84.4, 0.000884, 0.000025
201632, 0.4671, 0.4560, 85.9, 0.000884, 0.000025
205232, 0.4669, 0.4560, 87.4, 0.000884, 0.000025
208831, 0.4667, 0.4560, 88.9, 0.000884, 0.000025
212430, 0.4665, 0.4560, 90.4, 0.000884, 0.000025
216030, 0.4663, 0.4560, 91.9, 0.000884, 0.000025
219629, 0.4662, 0.4560, 93.4, 0.000884, 0.000025
223229, 0.4660, 0.4560, 94.9, 0.000884, 0.000025
226829, 0.4658, 0.4560, 96.4, 0.000884, 0.000025
230428, 0.4657, 0.4560, 97.9, 0.000884, 0.000025
234028, 0.4655, 0.4560, 99.4, 0.000884, 0.000024
237627, 0.4654, 0.4560, 100.9, 0.000884, 0.000024
241226, 0.4653, 0.4560, 102.3, 0.000884, 0.000024
244826, 0.4651, 0.4560, 103.8, 0.000884, 0.000024
248425, 0.4650, 0.4560, 105.4, 0.000884, 0.000024
252024, 0.4649, 0.4560, 106.9, 0.000884, 0.000025
255623, 0.4647, 0.4560, 108.4, 0.000884, 0.000025
259223, 0.4646, 0.4560, 109.9, 0.000884, 0.000025
262822, 0.4645, 0.4560, 111.4, 0.000884, 0.000025
266421, 0.4644, 0.4560, 112.9, 0.000884, 0.000025
270020, 0.4643, 0.4560, 114.4, 0.000884, 0.000025
273619, 0.4642, 0.4560, 115.9, 0.000884, 0.000025
277219, 0.4641, 0.4560, 117.4, 0.000884, 0.000025
280818, 0.4639, 0.4560, 118.9, 0.000884, 0.000025
284418, 0.4638, 0.4560, 120.4, 0.000884, 0.000025
288017, 0.4637, 0.4560, 121.9, 0.000884, 0.000025
291617, 0.4637, 0.4560, 123.4, 0.000884, 0.000025
295216, 0.4636, 0.4560, 124.9, 0.000884, 0.000025
298816, 0.4635, 0.4560, 126.4, 0.000884, 0.000025
302415, 0.4634, 0.4560, 127.9, 0.000884, 0.000025
306015, 0.4633, 0.4560, 129.4, 0.000884, 0.000025
309614, 0.4632, 0.4560, 130.9, 0.000884, 0.000025
313214, 0.4631, 0.4560, 132.3, 0.000884, 0.000025
316813, 0.4630, 0.4560, 133.8, 0.000884, 0.000025
320412, 0.4630, 0.4560, 135.3, 0.000884, 0.000024
324012, 0.4629, 0.4560, 136.8, 0.000884, 0.000024
327611, 0.4628, 0.4560, 138.3, 0.000884, 0.000025
331210, 0.4627, 0.4560, 139.9, 0.000884, 0.000025
334809, 0.4627, 0.4560, 141.4, 0.000884, 0.000025
338409, 0.4626, 0.4560, 142.9, 0.000884, 0.000025
342008, 0.4625, 0.4561, 144.4, 0.000884, 0.000025
345607, 0.4625, 0.4560, 145.9, 0.000884, 0.000025
349206, 0.4624, 0.4560, 147.4, 0.000884, 0.000025
352805, 0.4623, 0.4560, 148.9, 0.000884, 0.000025
356404, 0.4623, 0.4560, 150.4, 0.000884, 0.000025
360003, 0.4622, 0.4560, 151.9, 0.000884, 0.000025
363602, 0.4621, 0.4560, 153.4, 0.000884, 0.000025
367202, 0.4621, 0.4560, 154.9, 0.000884, 0.000025
370801, 0.4620, 0.4560, 156.4, 0.000884, 0.000025
374400, 0.4620, 0.4560, 157.9, 0.000884, 0.000025
378036, 0.4619, 0.4515, 159.4, 0.000884, 0.000025
381635, 0.4618, 0.4560, 160.9, 0.000884, 0.000025
385234, 0.4618, 0.4560, 162.4, 0.000884, 0.000025
388833, 0.4617, 0.4560, 163.9, 0.000884, 0.000025
392433, 0.4616, 0.4560, 165.4, 0.000884, 0.000025
396032, 0.4616, 0.4560, 166.9, 0.000884, 0.000025
399632, 0.4615, 0.4560, 168.4, 0.000884, 0.000025
403231, 0.4615, 0.4560, 169.9, 0.000884, 0.000025
406830, 0.4614, 0.4560, 171.4, 0.000884, 0.000025
410430, 0.4614, 0.4560, 172.9, 0.000884, 0.000025
414029, 0.4614, 0.4560, 174.4, 0.000884, 0.000025
417628, 0.4613, 0.4560, 175.9, 0.000884, 0.000025
421227, 0.4613, 0.4560, 177.4, 0.000884, 0.000025
424826, 0.4612, 0.4560, 179.0, 0.000884, 0.000025
428426, 0.4612, 0.4560, 180.5, 0.000884, 0.000025
432025, 0.4611, 0.4560, 182.0, 0.000884, 0.000025
435624, 0.4611, 0.4560, 183.5, 0.000884, 0.000025
439223, 0.4610, 0.4560, 185.0, 0.000884, 0.000025
442822, 0.4610, 0.4560, 186.5, 0.000884, 0.000025
446422, 0.4610, 0.4560, 188.0, 0.000884, 0.000025
450021, 0.4609, 0.4560, 189.5, 0.000884, 0.000025
453620, 0.4609, 0.4560, 191.0, 0.000884, 0.000025
457220, 0.4608, 0.4560, 192.5, 0.000884, 0.000025
460819, 0.4608, 0.4560, 194.0, 0.000884, 0.000025
464419, 0.4608, 0.4560, 195.5, 0.000884, 0.000025
468018, 0.4607, 0.4560, 197.0, 0.000884, 0.000025
471618, 0.4607, 0.4560, 198.5, 0.000884, 0.000025
475217, 0.4607, 0.4560, 200.0, 0.000884, 0.000025
478817, 0.4606, 0.4560, 201.5, 0.000884, 0.000025
482416, 0.4606, 0.4560, 203.0, 0.000884, 0.000025
486016, 0.4606, 0.4560, 204.4, 0.000884, 0.000025
489615, 0.4605, 0.4560, 205.9, 0.000884, 0.000025
493215, 0.4605, 0.4560, 207.4, 0.000884, 0.000025
496814, 0.4605, 0.4560, 208.9, 0.000884, 0.000025
500414, 0.4604, 0.4560, 210.4, 0.000884, 0.000025
504013, 0.4604, 0.4560, 211.9, 0.000884, 0.000025
507612, 0.4604, 0.4560, 213.4, 0.000884, 0.000025
511212, 0.4603, 0.4560, 214.9, 0.000884, 0.000025
