0
0
0
14.8
14.8
12.4
10.7
8.2
8.7
10.5
10.3
10.1
10.1
9.9
9.7
9.8
9.6
9.6
9.4
9.1
9.0
8.3
8.1
7.7
7.9
9.3
10.0
9.9
7.5
6.0
5.2
4.9
4.3
4.0
2.9
1.8
0.5
-0.1
-0.4
-0.8
-1.1
-1.4
-1.7
-2.0
-1.5
-0.4
1.4
3.2
4.5
5.2
5.5
5.9
5.6
4.6
3.0
2.5
1.4
0.1
-0.2
-2.0
-2.6
-3.3
-3.5
-3.8
-4.1
-4.3
-4.5
-4.3
-3.1
-1.7
0.2
1.5
2.9
3.6
4.1
5.0
5.7
4.8
1.7
-0.3
-1.3
-2.0
-2.3
-3.0
-3.6
-4.0
-4.4
-4.9
-5.2
-5.3
-5.7
-5.7
-4.6
-0.2
2.9
4.1
5.1
6.2
6.9
7.2
6.9
5.3
2.7
0.6
-0.9
-1.6
-2.0
-2.6
-3.0
-3.6
-3.9
-4.0
-4.1
-4.2
-4.7
-4.7
-3.2
0.4
5.3
9.6
11.9
12.9
13.7
13.6
12.8
11.0
9.1
8.1
5.2
6.1
9.7
10.7
10.5
10.2
10.0
9.9
10.1
10.2
10.4
10.8
11.9
13.1
15.6
18.1
19.7
21.1
21.1
20.9
20.5
20.0
19.6
19.0
18.2
17.4
18.1
18.4
18.6
19.4
20.1
20.0
19.1
18.8
17.1
16.4
16.3
16.6
16.9
17.0
17.0
17.4
17.5
17.2
16.9
16.7
16.6
16.6
16.5
16.2
15.8
15.2
13.8
12.3
12.1
12.4
12.7
12.9
14.2
14.3
14.4
14.5
14.9
12.8
11.3
10.9
10.4
8.8
8.0
7.4
7.2
6.7
5.5
5.2
4.8
5.1
5.1
5.1
4.5
3.1
2.0
1.1
0.2
-0.2
0.6
2.0
3.6
5.5
7.2
8.3
8.6
8.6
7.8
6.1
4.6
3.1
2.2
1.3
-0.6
-1.6
-2.1
-2.5
-3.1
-3.3
-3.8
-4.0
-4.3
-4.4
-3.3
0.1
3.5
5.8
7.7
9.6
11.0
10.9
10.0
8.4
6.9
3.7
2.4
1.5
0.3
3.8
4.9
4.7
3.0
0.0
-0.4
0.7
2.2
3.5
4.5
5.5
7.7
8.8
10.1
10.7
11.8
13.1
13.7
13.5
12.7
11.9
11.7
11.5
11.3
11.8
12.1
12.2
12.2
12.5
12.1
11.7
12.0
12.0
11.7
12.1
12.3
12.9
13.8
13.9
14.4
15.1
15.3
15.1
14.5
14.3
13.9
13.7
13.5
13.5
13.1
13.2
13.1
12.4
11.3
10.7
10.4
10.4
10.9
11.3
12.4
14.0
14.7
15.7
16.6
18.0
18.1
17.6
17.5
18.0
18.2
18.4
19.0
19.1
19.1
19.1
19.1
18.9
19.0
19.1
19.0
18.8
19.0
19.4
19.8
20.1
20.8
21.2
21.1
21.7
21.3
20.5
19.7
18.0
16.8
16.3
16.2
16.2
16.1
16.0
16.1
16.0
16.0
15.9
16.0
15.9
16.1
16.9
18.2
18.8
18.9
18.9
18.9
19.1
19.2
18.8
17.9
16.6
15.0
14.1
13.9
12.9
12.5
14.2
13.9
15.7
15.6
15.9
16.3
16.3
16.5
16.9
17.8
19.2
20.1
21.1
21.3
21.4
21.1
20.6
20.0
20.3
19.9
19.5
19.9
19.8
19.5
19.1
19.0
19.2
18.9
18.7
18.7
19.0
19.2
19.6
19.8
20.2
20.4
20.8
21.1
21.1
20.6
19.9
18.9
18.6
19.4
19.5
19.5
18.9
19.0
18.5
13.8
11.2
10.4
9.0
7.4
5.9
4.6
4.9
5.8
6.7
7.4
7.8
7.8
7.3
5.9
4.4
2.9
1.9
1.1
0.4
-0.6
-2.2
-3.7
-4.7
-5.2
-5.6
-6.0
-6.4
-6.8
-7.3
-6.9
-5.9
-4.7
-3.4
-2.0
-0.9
0.0
0.5
0.5
-0.5
-1.6
-2.3
-2.4
-2.6
-3.3
-2.9
-2.3
-2.3
-1.9
-1.4
-0.5
-0.4
0.3
1.5
2.0
2.9
3.9
6.0
7.5
9.6
11.5
12.7
11.9
11.6
11.2
11.2
11.3
11.1
11.2
11.2
11.3
11.3
11.3
11.5
11.3
12.0
12.1
12.2
12.7
14.4
15.4
15.7
17.8
18.2
18.5
18.4
19.1
19.1
19.8
19.7
14.6
14.1
13.5
12.4
11.9
12.4
12.4
12.9
12.8
12.2
11.8
11.5
10.8
10.6
11.8
12.6
13.5
14.3
14.4
14.2
14.5
14.2
13.4
12.1
11.8
11.9
12.3
12.5
12.6
12.6
12.6
12.8
13.0
13.1
13.2
13.6
13.5
14.8
17.2
18.8
19.9
20.6
20.9
20.0
19.1
18.2
17.3
16.2
16.3
16.3
16.6
16.9
16.4
16.1
15.3
15.5
15.9
16.3
16.3
16.7
17.2
17.5
18.7
19.6
21.3
22.3
22.8
23.3
22.5
21.1
20.0
19.6
19.9
20.0
19.7
19.6
19.3
17.4
17.0
17.7
18.3
17.7
14.2
11.5
9.3
9.6
9.9
10.4
11.1
11.2
11.4
11.6
11.6
11.6
11.6
11.5
11.3
10.7
10.2
9.8
9.0
8.5
7.9
7.1
7.2
7.1
6.7
5.6
5.3
7.9
9.7
11.1
12.7
14.0
15.2
15.3
14.8
13.4
10.1
6.9
5.3
3.9
2.9
1.9
1.5
0.7
0.3
-0.1
-0.5
-1.0
-1.2
-1.2
-0.3
2.0
6.0
10.5
13.2
15.4
17.5
18.0
17.3
15.4
12.2
8.3
6.7
5.2
4.7
3.7
2.9
3.8
3.0
2.0
2.2
1.5
1.1
2.8
7.6
8.4
8.5
8.4
8.4
8.1
7.9
8.1
7.7
6.4
4.7
