0
0
0
0
9.3
8.7
8.5
8.5
8.1
7.6
7.3
7.3
7.3
7.2
7.3
7.4
6.8
6.4
6.5
6.9
8.0
9.0
9.4
10.2
11.0
11.2
10.6
10.4
10.8
12.5
13.6
13.7
13.9
14.2
14.5
14.6
14.5
13.4
12.7
12.4
12.2
11.1
11.2
11.8
12.4
13.1
14.5
16.0
17.0
15.8
14.5
11.8
12.0
10.4
9.0
8.1
8.5
7.1
6.3
4.6
3.8
2.9
1.7
1.4
0.6
0.1
3.1
6.2
7.8
9.1
10.3
11.2
11.5
10.8
9.1
6.9
5.7
6.1
3.8
2.8
2.6
2.6
0.1
-1.0
-1.5
-2.2
-2.1
-2.2
-2.5
-2.7
-0.1
3.4
5.1
6.4
7.5
8.3
8.9
8.8
6.9
2.7
1.2
0.1
-0.4
-0.9
-1.2
-1.9
-1.2
-1.6
-1.7
-1.4
-2.3
-1.7
-1.6
-1.1
-0.1
2.6
5.8
6.8
7.9
6.9
7.2
7.0
6.8
6.1
6.6
6.9
7.0
6.7
6.1
6.5
6.5
6.2
6.4
5.8
5.5
5.6
4.5
3.3
2.1
1.0
1.4
2.6
4.0
4.4
4.8
4.5
4.2
4.0
3.9
3.8
3.8
3.0
2.5
2.2
2.1
1.1
0.5
0.1
-0.4
-0.7
-0.9
-0.9
0.0
0.9
2.2
3.9
5.2
6.2
6.9
6.9
5.0
1.4
-1.1
-1.9
-2.1
-2.6
-3.3
-3.3
-3.6
-2.4
-1.8
-1.6
-1.0
-0.7
-0.5
-2.4
0.6
5.3
8.1
9.4
10.3
10.9
10.6
9.7
8.5
6.3
6.2
5.8
5.1
5.7
6.1
5.5
5.3
4.5
3.7
2.6
2.2
2.4
3.7
4.2
4.9
6.8
9.5
10.6
12.0
13.1
13.7
13.1
11.4
8.8
7.9
5.5
6.7
7.0
7.8
8.3
8.8
8.8
8.6
8.6
8.6
8.6
9.0
8.9
9.2
10.0
11.8
12.1
13.0
13.4
13.2
12.6
12.5
11.8
9.8
8.5
8.7
8.5
8.9
8.1
9.4
10.2
11.0
10.4
10.8
11.1
11.6
12.0
12.3
12.3
12.4
12.7
12.8
13.2
13.5
13.6
13.5
13.3
13.2
13.1
12.9
13.2
13.1
12.7
12.5
12.9
12.4
11.7
10.2
8.6
8.6
5.1
8.8
10.3
10.9
11.1
10.6
9.9
9.6
9.2
8.5
7.9
