0
0
0
0
36.6
34.6
32.1
30.1
28.9
27.8
25.9
24.8
24.9
23.8
22.8
23.4
22.5
21.5
25.0
28.3
31.1
34.9
37.1
38.3
39.1
39.5
39.6
39.8
39.4
37.0
34.8
32.2
31.1
30.5
29.7
29.9
29.5
29.2
28.3
27.5
27.2
29.5
30.9
34.3
36.5
37.7
38.5
39.6
40.0
40.1
40.2
40.1
39.5
38.1
35.3
33.0
31.6
31.0
30.6
30.7
29.5
28.5
27.1
26.8
25.9
24.6
27.7
31.0
33.4
36.6
37.9
38.5
39.1
39.6
40.0
40.1
39.7
38.6
36.5
35.2
33.9
31.8
30.5
29.4
28.5
28.3
27.6
26.7
25.8
25.1
26.2
28.7
31.0
32.6
34.0
34.2
34.8
35.4
35.6
35.4
34.7
33.0
31.0
30.3
29.6
29.0
28.4
27.8
27.4
26.9
25.9
25.5
25.5
24.2
26.7
29.1
30.7
32.5
33.8
35.3
36.6
37.5
37.6
37.7
36.9
35.2
33.8
31.6
30.3
29.8
29.6
28.8
27.4
26.7
26.1
25.2
24.5
24.4
25.5
28.7
31.0
32.9
35.2
36.4
38.1
39.2
39.5
39.4
38.2
36.6
35.0
33.9
33.2
33.6
31.3
30.2
29.7
28.7
27.3
26.7
26.8
27.2
27.8
29.9
32.7
34.5
36.0
37.4
38.0
38.4
36.4
34.5
35.3
34.8
33.1
32.3
31.2
30.2
29.4
28.5
27.8
26.6
25.4
25.0
25.1
24.9
27.0
29.2
31.1
32.9
34.5
36.0
37.0
37.5
37.8
36.9
34.9
33.3
31.6
30.4
29.3
28.3
27.0
27.1
26.7
26.1
25.5
23.9
23.4
23.2
24.8
27.7
29.9
32.1
33.3
34.7
35.8
36.3
36.5
36.4
35.8
34.2
32.4
30.4
29.6
29.4
29.0
27.8
26.3
25.0
24.3
24.4
23.4
23.1
24.3
26.8
28.7
31.8
33.7
34.7
35.7
36.7
35.9
34.5
27.9
26.4
26.0
25.3
24.7
25.0
24.5
27.6
24.7
23.4
22.3
21.3
21.0
20.4
20.2
20.9
22.3
22.2
22.8
21.4
22.0
24.5
26.1
26.6
25.9
24.0
23.0
21.3
19.9
19.7
19.7
18.9
17.8
17.2
17.9
17.1
16.9
16.6
18.2
20.8
22.8
24.6
26.5
28.7
29.7
30.2
30.2
30.0
28.8
27.0
25.4
23.8
21.8
20.8
19.8
18.7
17.6
16.4
15.8
15.8
15.0
13.8
15.7
18.1
21.1
23.5
25.1
27.0
27.5
28.1
28.5
28.3
27.5
25.9
24.6
23.6
22.2
20.8
19.8
18.9
17.4
15.6
15.1
14.4
13.9
13.2
15.6
18.6
21.3
23.7
26.2
27.6
28.8
29.4
30.0
29.8
29.3
26.8
24.6
22.3
21.1
20.4
19.9
18.8
17.1
16.1
15.6
14.4
14.3
13.8
16.7
19.9
22.4
25.1
27.2
29.0
30.3
31.0
31.6
31.5
31.0
28.8
26.6
23.9
22.8
20.8
21.6
21.3
19.6
17.5
17.4
16.8
16.8
16.2
18.4
21.7
24.8
29.2
30.6
31.5
31.9
32.2
32.6
32.5
31.8
29.3
26.3
25.1
24.2
22.0
20.6
20.9
20.1
19.1
17.7
17.2
17.9
18.0
19.8
22.2
25.6
28.5
31.2
32.2
32.9
33.4
33.7
33.6
32.9
30.3
27.8
25.7
24.5
23.4
21.5
20.7
20.1
19.6
19.1
18.1
18.2
18.1
20.1
23.1
25.8
28.6
30.8
32.5
33.6
34.4
34.7
35.0
34.3
31.3
28.9
26.8
25.3
24.0
22.6
22.1
22.0
21.1
22.4
20.8
21.8
21.4
22.3
26.0
31.3
32.5
33.9
35.5
36.6
37.4
37.8
37.4
36.5
33.1
30.7
30.2
30.8
31.2
30.7
29.7
29.3
29.7
29.0
28.6
27.7
26.5
26.7
29.8
32.0
34.1
35.5
36.2
36.6
37.0
37.0
36.3
34.1
32.3
31.4
29.9
28.7
28.5
29.0
27.7
26.1
25.1
23.5
22.6
22.3
21.5
23.0
25.5
27.9
29.9
31.1
32.4
32.8
33.3
33.3
33.3
32.2
30.5
29.0
28.0
26.5
24.8
24.1
23.8
24.0
22.2
21.6
20.9
20.7
20.2
21.5
24.6
26.5
28.6
30.3
31.1
31.9
32.6
32.9
32.6
31.9
29.9
28.0
26.5
26.2
25.9
24.8
23.1
22.1
21.6
21.0
20.6
20.0
19.6
20.9
23.3
26.7
28.6
29.7
30.4
31.0
31.4
31.5
31.3
30.7
29.7
29.1
27.9
26.6
25.3
24.5
24.0
22.1
20.5
19.7
19.4
18.9
18.9
19.8
21.5
23.5
25.2
26.4
27.5
28.5
29.3
29.5
29.5
28.6
26.9
24.9
24.5
23.7
22.7
22.0
21.1
20.7
20.6
19.7
18.8
18.3
17.7
18.4
20.8
23.2
25.6
26.4
27.5
28.8
28.5
28.1
27.5
25.6
23.2
22.7
22.0
21.6
21.1
20.3
19.7
18.7
17.8
17.3
16.6
16.7
16.2
16.3
17.6
18.4
20.1
21.0
21.6
22.6
22.8
22.5
19.0
18.6
18.2
17.7
17.4
17.5
17.4
17.7
17.6
17.1
17.2
17.1
16.1
15.3
14.3
14.9
16.1
17.8
19.2
20.4
21.4
22.0
22.7
22.8
22.9
22.2
21.1
19.8
18.7
17.7
16.9
16.5
16.1
14.9
14.5
13.9
14.0
13.9
13.7
14.1
16.2
18.2
20.6
22.1
22.9
23.7
24.3
25.0
24.9
24.0
22.8
22.1
20.3
19.9
19.0
17.5
16.1
15.3
14.7
13.9
13.9
13.5
13.3
15.2
17.7
20.8
22.2
23.0
24.0
24.8
25.4
25.3
25.1
24.7
23.5
22.8
21.7
20.8
20.0
19.1
19.0
18.2
17.4
15.9
14.7
14.5
13.7
14.8
18.1
20.3
22.5
23.6
24.9
25.9
26.5
26.8
26.7
25.9
24.5
22.8
21.7
21.0
20.3
19.7
18.5
18.9
17.8
16.9
16.4
16.6
15.7
16.5
20.2
22.4
23.4
24.7
25.9
26.3
26.1
26.2
26.0
25.0
23.5
22.0
20.1
18.9
17.8
17.2
16.0
14.3
13.6
13.3
12.7
12.1
11.3
13.7
16.9
19.3
21.3
23.2
24.9
26.1
26.6
26.9
26.6
25.5
23.7
22.1
20.2
18.8
17.4
17.4
15.8
15.0
14.4
12.9
11.5
10.1
9.8
12.0
15.2
18.4
21.5
23.6
25.0
26.1
26.8
27.1
27.2
26.3
23.7
21.0
18.7
17.1
17.2
16.7
16.1
15.6
15.3
15.2
15.4
15.0
14.6
14.8
18.0
22.9
27.0
28.9
30.6
31.9
32.5
33.0
32.9
31.3
28.1
25.7
23.9
22.5
20.9
19.5
18.4
16.7
16.9
15.7
14.3
13.5
13.8
14.7
18.5
21.3
23.8
27.2
29.0
29.9
30.9
31.2
31.1
29.2
26.2
23.1
21.3
20.9
20.3
19.2
16.8
16.0
14.9
14.5
13.4
13.7
14.4
15.7
16.9
21.5
25.5
28.4
29.9
29.6
28.7
28.1
27.5
26.4
24.4
22.6
21.0
19.7
18.8
17.4
16.9
16.0
15.3
14.8
14.0
13.6
12.1
12.6
15.6
17.9
20.1
22.1
23.7
24.9
25.5
26.1
26.1
25.2
22.3
20.2
18.3
17.7
16.6
16.5
14.5
13.7
12.2
11.6
10.7
10.4
9.9
10.4
14.7
18.7
21.6
23.8
25.8
27.3
28.1
28.5
28.6
27.4
24.2
21.7
20.6
19.5
17.4
16.4
17.3
16.2
15.0
13.7
14.4
13.4
13.0
15.8
20.0
24.2
27.3
29.5
30.3
31.3
31.9
31.9
31.6
29.8
26.1
24.7
21.9
20.5
20.3
20.0
19.3
20.0
18.8
18.5
18.0
17.3
17.0
16.8
21.0
27.3
29.0
30.4
31.6
32.9
33.4
33.7
33.7
31.8
28.0
25.5
22.8
21.8
21.6
23.5
21.2
20.2
20.6
18.9
18.2
17.7
19.9
22.0
25.2
26.7
28.2
29.6
30.6
31.6
31.9
32.0
31.5
29.5
26.5
24.5
22.7
22.9
23.5
22.6
19.9
19.0
19.4
18.6
18.3
17.6
17.4
19.0
22.3
24.9
26.7
29.0
30.5
31.4
31.8
31.8
31.5
29.3
25.8
22.7
20.4
18.5
17.8
17.3
15.9
15.9
15.0
14.2
13.9
14.3
13.9
14.1
17.5
19.4
22.8
26.3
28.3
29.7
30.1
30.3
29.7
27.8
24.3
24.4
23.6
20.9
19.2
17.3
15.7
15.0
15.1
14.5
13.3
13.7
13.6
13.8
16.6
19.0
22.4
25.2
26.9
27.4
28.0
28.4
28.4
26.9
24.9
21.6
21.9
20.0
18.3
16.5
16.5
15.5
15.3
14.7
14.2
12.8
11.7
13.0
16.2
19.9
22.5
23.8
25.0
25.6
25.7
25.1
24.3
23.0
21.6
20.3
18.7
17.7
17.0
16.1
15.2
13.7
12.6
11.5
10.1
9.9
9.2
9.7
12.4
15.2
16.7
17.8
19.1
20.2
21.0
21.2
20.9
19.4
17.3
15.7
14.0
12.9
12.0
10.9
10.5
8.5
7.4
6.2
5.5
4.6
4.8
5.5
8.6
12.1
15.6
17.8
19.5
20.7
21.6
22.1
21.8
20.5
18.6
16.5
14.4
13.5
11.8
10.7
9.6
9.2
9.0
8.8
8.0
8.0
7.7
8.3
11.0
13.5
16.4
18.6
19.8
21.0
22.1
22.0
22.0
20.5
16.4
14.7
13.8
13.4
12.8
12.6
13.8
12.9
10.9
9.7
7.3
7.3
8.5
8.7
11.2
14.3
17.0
18.9
20.2
21.2
21.7
21.6
21.3
19.6
16.5
14.3
12.7
11.2
11.2
9.7
9.0
7.3
6.6
7.8
7.6
7.3
8.1
8.8
11.2
14.0
16.3
19.1
21.1
22.2
22.8
23.4
23.1
20.9
16.9
15.4
14.1
13.3
12.4
12.3
12.8
11.6
12.0
10.6
9.3
8.5
8.1
7.1
10.1
12.9
15.8
17.5
19.3
20.6
21.5
22.2
22.3
20.9
18.6
16.4
14.6
13.8
13.2
12.5
12.2
11.7
10.7
9.9
9.9
8.4
7.4
8.3
12.3
15.8
17.9
19.8
21.7
23.3
24.2
25.1
25.3
23.7
21.8
19.8
17.3
16.6
15.6
14.0
12.8
11.9
10.5
10.0
8.6
7.5
8.7
9.1
12.3
15.8
18.8
20.8
22.2
23.9
25.1
25.2
25.0
23.2
19.9
18.4
17.2
16.1
14.9
14.4
14.4
13.6
13.0
11.0
9.9
10.7
11.3
11.2
13.6
15.9
19.5
22.3
24.6
25.8
26.2
26.2
25.9
23.8
20.9
18.4
16.1
14.4
12.6
14.0
14.3
14.2
13.0
12.5
12.2
11.0
10.9
10.9
13.3
18.8
22.5
23.9
25.2
26.3
26.9
27.2
26.8
24.2
20.5
18.3
16.2
14.1
13.5
13.2
11.5
10.2
9.9
9.4
9.4
9.1
8.4
9.8
11.9
15.1
18.5
21.2
23.6
23.6
24.4
24.5
24.0
21.7
18.9
17.8
16.6
14.4
13.6
13.8
11.9
11.2
10.2
10.5
9.4
10.1
8.7
8.0
12.6
16.0
18.0
19.7
21.3
21.8
21.6
21.3
21.0
19.7
19.0
18.7
17.7
15.6
15.2
16.3
15.4
13.9
14.2
15.0
15.0
14.5
15.2
15.9
17.1
19.2
20.6
21.5
22.5
21.7
18.5
19.4
19.5
18.3
17.2
17.0
16.5
15.9
15.3
14.0
13.1
12.0
10.9
9.7
8.3
8.6
8.0
7.5
9.3
11.8
13.2
14.0
14.5
15.3
15.9
16.3
16.1
15.0
12.6
10.5
9.4
8.4
7.6
6.2
4.9
3.7
4.6
4.6
4.2
3.3
2.2
3.7
6.5
8.7
10.9
13.1
14.8
15.5
16.1
16.3
16.1
15.3
13.9
12.7
11.9
11.4
10.4
8.7
7.3
6.5
6.7
6.6
6.9
7.0
7.0
6.8
8.6
13.2
14.5
15.8
16.5
16.9
17.2
16.9
16.7
15.7
13.9
12.1
11.4
9.9
10.1
10.2
9.2
9.0
7.9
6.9
5.7
4.9
4.7
4.2
6.3
8.6
10.3
11.8
12.8
14.1
14.8
15.4
15.8
14.3
12.4
9.7
7.8
6.2
7.2
6.8
4.4
2.6
4.1
5.3
4.1
2.5
3.5
4.0
6.0
8.1
10.4
12.5
14.6
16.5
18.4
18.9
18.4
15.9
13.0
12.0
8.2
6.4
5.9
4.4
5.2
5.1
4.9
2.7
0.6
-0.5
0.8
1.7
5.1
7.5
10.4
13.3
16.0
17.5
18.1
18.5
18.3
16.1
12.0
10.9
8.4
8.3
7.7
6.1
4.4
5.1
3.6
3.4
4.5
3.6
4.5
5.9
8.7
13.4
14.0
14.9
15.8
16.2
16.7
16.0
15.0
13.8
11.7
10.1
8.4
7.6
6.2
5.7
5.2
3.9
3.5
3.2
2.9
2.8
2.3
1.8
5.0
8.8
10.7
11.7
12.4
12.8
13.2
13.4
13.3
12.0
9.7
8.1
6.0
5.3
3.9
3.2
1.5
0.2
-0.5
-0.5
1.1
-0.8
-1.7
-0.5
2.2
6.8
9.5
11.9
13.8
14.9
15.5
16.0
15.8
14.1
11.4
10.0
7.5
5.7
6.5
6.3
6.2
5.9
5.2
4.4
4.4
4.3
3.7
4.0
6.1
8.5
11.2
14.7
17.6
19.2
20.8
21.3
21.1
18.3
15.2
11.9
10.4
9.0
8.1
7.5
6.3
5.0
5.2
3.6
3.4
4.6
3.1
5.4
7.2
10.6
13.5
16.5
19.6
21.0
22.0
22.6
22.5
19.2
14.6
13.4
11.6
10.3
9.8
8.6
7.1
6.9
7.0
7.3
6.7
6.9
7.3
7.0
7.9
10.2
13.5
16.7
19.8
21.9
22.6
23.1
22.6
19.0
15.6
13.3
12.0
11.0
9.9
7.8
6.4
7.0
7.6
8.0
8.3
6.3
6.3
7.0
8.4
11.8
13.8
15.6
17.1
19.3
20.5
20.7
20.3
18.6
17.6
16.7
15.4
13.1
11.2
9.1
7.7
7.3
6.5
7.5
8.2
7.4
7.0
9.3
10.0
12.0
14.2
17.3
20.7
22.9
24.0
24.7
24.2
21.4
19.0
17.2
15.3
14.8
14.0
12.9
13.2
14.0
14.0
13.1
12.2
10.8
10.6
10.1
11.7
14.1
16.7
19.1
21.8
23.3
23.9
24.4
23.8
22.4
20.0
18.3
17.0
15.8
14.7
13.0
12.0
11.0
9.4
8.8
8.4
7.5
6.3
5.7
8.1
12.2
14.9
17.2
19.3
20.8
21.8
22.6
22.8
20.6
16.7
15.9
13.2
11.7
10.8
10.8
9.4
9.7
10.1
10.1
7.7
8.3
8.6
8.5
10.0
13.0
16.1
19.2
22.8
23.9
24.6
25.0
24.8
22.4
18.8
15.8
14.2
13.4
11.6
9.0
8.7
7.5
6.3
6.9
6.3
5.0
5.9
6.7
9.4
12.6
14.8
17.7
20.1
22.0
23.0
23.6
23.7
22.2
19.5
17.0
15.6
13.8
13.0
13.0
12.3
10.8
9.7
10.1
9.1
9.3
8.7
7.2
10.9
13.1
16.6
19.0
20.8
21.9
22.7
23.2
23.2
21.3
18.5
16.8
15.9
14.6
12.8
11.9
10.7
10.0
10.3
10.1
8.6
8.9
9.2
9.3
10.9
13.6
16.5
18.7
20.1
21.8
22.9
23.4
22.8
20.3
18.7
17.4
16.4
15.4
13.9
12.9
12.2
11.4
11.9
12.7
10.4
9.9
10.9
10.8
12.4
15.4
18.4
21.6
23.5
25.0
26.3
27.0
26.6
23.6
20.2
18.0
16.0
14.3
12.9
14.1
14.5
14.3
12.8
13.1
12.4
11.8
11.7
10.5
12.8
15.6
18.6
23.0
25.4
26.7
27.0
27.0
26.4
23.7
19.8
17.3
15.0
13.6
11.9
11.4
12.4
10.4
11.4
9.0
8.5
8.3
7.4
7.3
9.4
12.6
15.8
18.9
21.7
23.8
24.7
24.8
24.1
21.4
17.7
16.6
14.5
12.1
11.0
11.1
10.5
9.2
8.1
8.2
7.3
8.2
8.3
7.9
10.6
12.4
13.9
16.7
19.5
22.0
21.9
21.2
20.8
20.0
18.8
17.6
16.5
14.9
14.6
14.7
14.8
13.3
12.0
12.1
10.9
10.4
9.5
9.9
12.4
14.3
15.4
14.7
14.0
14.1
14.3
14.4
14.1
13.9
12.2
10.6
9.6
9.0
8.4
7.2
6.3
6.2
6.3
5.5
4.4
4.2
4.8
5.2
6.2
7.4
9.4
12.2
15.1
16.3
16.9
17.3
17.4
16.5
15.3
14.7
14.1
13.4
12.8
12.3
11.0
10.8
10.6
11.0
11.6
11.4
11.6
11.4
12.5
14.0
16.1
18.1
19.4
20.3
20.8
21.3
20.7
19.9
17.8
16.5
15.5
14.8
13.3
13.8
13.7
11.8
10.5
10.5
10.2
9.4
8.8
10.0
12.5
14.5
16.9
19.5
21.0
22.2
22.9
22.7
22.5
20.4
17.6
16.1
15.2
14.3
13.6
12.4
12.4
12.8
12.5
12.4
12.5
12.1
12.5
12.3
12.7
13.8
16.1
18.6
20.2
22.2
23.7
23.9
23.3
21.5
19.7
18.9
17.9
17.1
17.9
18.6
17.8
16.5
17.0
15.3
14.5
14.3
13.7
13.8
14.4
15.2
15.6
16.9
17.8
18.1
18.8
20.3
20.3
18.9
17.7
16.6
16.4
16.2
15.3
14.7
16.4
16.4
15.9
14.8
13.1
12.4
12.5
12.8
13.7
17.4
17.6
19.8
22.0
22.4
21.6
21.7
19.9
16.3
15.7
16.2
16.9
16.9
13.8
12.4
11.4
11.6
11.0
10.5
10.1
9.1
8.4
8.0
9.3
11.1
13.1
14.0
14.7
15.2
15.6
15.4
15.7
15.0
13.5
11.9
11.0
10.5
9.3
8.6
7.7
7.4
6.9
6.5
5.9
5.4
5.0
4.7
7.2
9.9
11.5
13.8
15.3
16.7
17.7
18.2
18.1
16.8
14.9
13.2
11.5
9.7
10.2
9.9
10.2
10.3
10.0
9.6
9.8
9.0
8.5
8.8
11.0
14.8
17.5
19.5
20.9
22.4
23.1
23.5
23.1
20.8
18.7
17.5
15.0
14.1
14.1
11.8
10.8
9.6
8.7
8.1
8.1
6.8
6.0
6.0
8.7
11.9
13.7
15.6
16.5
17.4
17.6
17.4
17.1
16.6
15.6
14.0
12.5
11.1
10.6
10.4
10.2
9.7
8.7
7.7
7.0
6.4
6.0
6.1
6.7
9.4
11.4
13.1
14.7
15.9
16.9
17.5
17.7
17.0
15.4
13.9
12.6
11.6
10.5
9.5
8.3
7.3
7.0
6.1
5.2
4.7
4.6
3.9
5.2
8.8
11.2
13.2
14.9
16.1
16.9
17.5
17.4
16.3
13.6
12.1
11.0
10.2
9.2
8.8
7.5
6.9
6.4
5.9
6.5
7.5
8.0
8.3
8.5
10.0
10.6
11.0
11.1
11.6
11.1
9.7
9.6
9.7
10.1
11.0
11.9
12.3
12.6
12.9
13.1
13.1
11.7
10.1
8.0
7.2
7.4
6.6
6.3
7.4
8.9
9.6
10.2
10.3
10.3
10.3
9.8
8.5
6.9
5.4
3.5
2.9
2.5
2.4
1.5
1.1
-0.1
-0.7
-1.1
-1.0
-0.1
-0.3
0.2
1.5
4.4
6.0
6.7
7.9
8.2
8.3
8.5
