0
23.8
22.4
20.8
19.8
19.6
18.2
18.2
19.2
19.3
19.2
18.7
17.9
18.0
18.0
18.3
20.1
23.0
25.3
26.1
27.1
26.9
26.4
25.9
25.4
23.7
21.9
20.8
19.5
18.4
17.6
16.7
16.5
16.6
17.2
16.1
16.7
16.9
16.9
17.5
20.2
22.4
24.2
24.2
27.1
27.8
25.8
25.1
25.1
22.9
20.5
20.1
19.2
18.9
18.7
18.5
18.5
18.5
18.6
18.5
18.8
18.4
18.0
18.2
20.7
23.3
25.2
26.4
27.2
27.3
27.6
27.3
26.0
23.7
21.2
19.4
18.9
18.2
18.1
18.5
18.6
18.4
17.9
16.8
17.1
16.7
16.2
17.1
19.8
23.2
25.1
26.4
27.5
27.9
28.3
26.6
25.9
23.4
21.5
20.7
20.0
19.2
18.9
18.6
18.2
18.1
18.2
18.2
17.8
17.0
16.2
16.2
20.0
23.1
25.6
26.8
26.4
25.8
26.4
27.0
26.1
24.8
23.5
22.9
22.4
21.9
21.8
21.7
21.1
20.5
20.4
19.9
19.9
20.3
20.5
20.5
21.9
23.1
24.4
25.3
26.1
26.5
27.9
26.3
22.6
22.0
21.2
21.0
21.2
21.7
21.9
21.8
21.7
21.4
21.3
21.3
21.1
21.1
20.9
20.9
22.0
23.9
25.6
26.3
27.0
26.6
25.9
22.6
24.4
24.1
23.0
22.6
22.0
21.2
20.7
20.8
21.4
22.1
22.4
22.9
23.4
23.5
23.4
23.3
23.3
23.3
24.2
24.3
24.9
22.8
21.6
21.0
18.5
15.6
13.7
12.4
11.4
10.2
9.0
8.1
8.2
6.7
6.7
6.1
4.7
4.1
3.4
3.4
5.8
7.8
9.2
10.9
12.4
13.2
13.8
13.7
13.0
9.9
6.9
5.5
6.1
4.3
4.6
6.3
5.6
4.6
4.8
7.1
7.5
7.9
7.7
8.3
10.7
14.3
17.4
19.7
21.2
21.8
22.1
21.5
20.5
18.1
16.1
15.1
13.5
12.9
11.9
12.1
11.5
12.3
13.7
13.3
11.8
11.7
11.6
12.4
15.6
18.7
21.2
22.4
23.0
23.1
23.8
24.0
23.1
19.9
16.8
16.6
15.6
14.7
13.9
13.4
12.9
12.2
13.8
13.6
13.8
14.3
14.5
14.1
16.6
19.3
21.6
23.4
24.3
24.4
24.9
23.8
22.8
20.9
19.3
18.5
17.4
17.1
17.8
17.1
16.2
16.7
17.3
17.7
17.8
17.8
17.7
17.6
18.7
20.2
20.8
22.3
23.5
24.4
24.7
24.2
23.1
19.4
15.3
14.2
12.7
11.7
11.1
11.6
12.5
12.1
11.6
10.0
9.5
9.5
9.2
9.6
13.6
15.5
17.0
18.9
20.4
21.8
22.2
21.8
21.2
20.3
19.5
19.4
18.9
18.3
16.2
14.6
13.3
13.2
12.7
13.1
14.2
13.2
13.9
14.4
16.5
19.9
22.7
24.0
25.3
25.8
26.5
26.1
25.4
22.4
18.9
17.2
16.7
16.1
14.9
14.8
14.3
15.2
15.4
16.2
16.1
15.2
15.3
16.1
18.0
20.2
22.2
23.1
24.2
24.5
24.8
24.5
24.2
22.0
20.2
19.2
18.4
17.5
16.9
16.7
16.7
16.5
15.8
15.3
14.8
14.3
14.2
14.7
16.9
18.8
20.6
21.9
21.7
22.4
23.2
23.9
23.8
21.4
18.3
17.0
16.2
16.5
16.5
17.4
16.7
15.6
14.1
13.2
12.6
12.2
13.4
14.7
16.7
17.3
17.9
18.5
19.4
20.9
21.3
21.6
21.5
19.2
18.8
18.8
17.4
14.9
14.0
13.1
13.1
14.2
13.5
14.1
14.3
13.7
13.6
14.2
16.4
19.2
23.1
25.4
26.1
27.0
27.3
27.5
27.2
24.5
21.3
20.1
19.6
19.5
19.1
19.6
19.1
18.8
18.3
18.1
17.4
16.3
16.8
17.4
19.8
22.5
25.4
26.7
27.1
27.8
28.3
27.0
26.4
24.4
22.5
21.3
21.7
22.2
22.1
20.9
19.3
19.0
18.3
18.1
18.1
17.9
17.3
16.5
18.4
21.2
21.2
26.2
27.6
27.8
28.1
28.0
27.6
25.2
23.0
22.7
20.2
20.5
21.0
20.3
20.0
19.7
19.7
18.9
17.8
17.0
18.3
19.4
20.6
22.3
24.6
26.1
27.0
27.3
27.8
27.7
27.0
24.2
22.3
21.2
19.1
19.1
19.7
20.2
21.1
20.7
20.7
20.5
20.6
20.4
20.0
20.1
21.1
22.8
25.1
26.1
27.0
27.1
27.8
27.7
27.4
25.8
24.3
