0
0
0
0
0
0
0
0
0
0
0
0
0
0
0
0
0
0
0
12.4
11.8
11.3
10.8
10.4
10.2
9.8
10.4
9.5
9.3
9.4
9.6
9.9
10.1
10.5
10.0
9.1
7.7
9.1
9.9
11.9
13.5
14.8
15.4
15.3
15.1
14.7
13.8
11.6
10.5
10.3
9.5
9.1
8.6
8.1
7.4
7.7
8.0
7.8
6.8
6.2
5.4
4.6
8.2
12.0
14.4
15.6
16.3
16.2
15.4
14.7
13.7
9.9
7.7
6.5
6.1
5.2
4.9
4.7
3.8
4.6
5.8
4.6
4.9
5.2
4.6
3.9
6.6
9.6
12.5
14.4
15.5
15.9
15.5
15.1
14.1
12.5
10.7
9.7
9.5
8.4
7.1
5.9
4.7
3.7
2.4
0.8
-0.2
-1.0
-1.5
-1.9
-1.2
0.0
1.4
2.5
3.3
4.3
5.1
5.5
5.3
1.6
-0.7
-1.5
-1.9
-2.1
-2.2
-2.1
-1.8
-1.8
-1.9
-1.8
-1.5
-1.6
-1.4
-1.3
3.9
9.1
11.0
12.2
13.1
13.2
13.1
12.7
12.7
11.4
9.6
8.3
9.5
9.0
10.2
10.5
11.6
12.7
13.0
13.1
13.0
13.4
13.5
12.7
14.2
15.6
16.9
18.5
18.7
18.5
19.2
18.6
17.2
16.6
16.0
16.3
16.1
15.7
16.1
16.4
16.2
17.1
16.6
18.1
18.8
16.7
16.7
17.3
17.2
19.1
19.3
19.6
21.2
22.2
24.2
24.2
23.1
21.6
20.2
18.8
16.1
14.1
12.5
11.4
9.7
8.1
6.7
5.9
5.1
4.7
4.7
4.5
4.7
5.1
5.2
5.8
6.6
7.5
7.6
7.3
7.1
6.5
6.4
6.1
5.4
5.1
5.3
5.3
4.9
4.6
4.7
4.5
4.6
4.4
4.5
5.0
6.0
5.8
6.7
6.4
6.3
5.4
4.6
4.0
4.8
6.0
6.9
7.4
7.7
7.1
5.6
5.1
4.5
4.7
4.7
3.4
3.3
3.5
3.8
3.6
3.4
3.8
3.4
3.6
3.8
4.2
6.5
7.2
6.7
5.3
4.2
3.6
3.1
2.8
2.2
0.6
1.3
-0.2
-0.6
-0.6
0.1
1.4
0.8
0.6
2.8
5.6
8.0
9.4
10.6
11.6
11.6
10.6
9.1
7.4
6.5
7.0
7.1
7.2
7.1
7.1
4.9
2.8
2.7
3.0
3.4
2.8
2.0
2.3
4.8
9.9
12.5
13.2
13.4
13.7
13.2
12.7
11.8
10.0
8.4
8.0
7.4
6.8
6.2
6.5
5.7
4.9
5.4
4.7
4.3
4.6
3.9
3.8
6.8
10.7
15.7
17.3
18.1
17.2
16.6
15.8
14.4
11.5
9.6
9.1
8.4
7.5
6.6
6.2
5.8
5.8
5.8
6.2
6.6
5.5
5.1
4.8
9.1
13.1
16.4
17.4
16.2
16.1
15.2
14.8
14.2
12.3
11.8
12.3
12.2
12.8
13.2
13.4
13.4
13.6
12.2
9.4
8.7
9.0
8.6
10.1
12.5
15.7
17.7
17.8
16.9
16.9
17.0
16.5
15.6
14.9
14.6
