0
0
0
5.0
2.2
0.6
-1.3
-1.4
-2.3
-2.9
-3.1
-3.1
-3.2
-2.2
-3.3
-3.6
-3.7
-4.7
-1.9
3.0
5.5
6.9
8.2
9.0
9.6
9.9
9.2
7.4
5.4
3.6
0.6
0.4
2.2
0.6
-1.4
-1.4
-1.9
-1.3
-1.2
-1.7
-1.5
-1.8
-0.4
5.0
8.7
10.3
11.9
11.9
11.2
10.1
9.5
9.2
8.8
7.8
7.5
6.9
7.3
7.5
7.9
8.6
8.8
9.2
9.7
10.1
10.5
10.3
10.2
10.7
10.9
11.2
12.2
12.5
12.4
12.2
11.8
11.7
11.7
11.7
11.4
11.4
11.6
11.9
12.5
12.4
12.3
12.8
13.7
15.3
16.0
16.1
16.4
16.7
17.6
17.5
17.4
17.3
17.2
16.7
15.8
14.6
14.2
13.2
11.9
10.6
9.8
10.2
9.7
7.8
6.6
5.2
2.9
1.9
2.4
1.1
1.2
6.2
8.6
10.5
12.0
12.8
13.7
13.8
12.8
11.3
9.7
7.6
6.8
6.2
6.8
7.4
8.9
9.1
9.8
8.9
8.3
8.1
8.2
8.3
8.8
8.4
8.1
8.3
8.3
8.5
9.1
10.9
12.2
12.7
12.9
13.1
13.1
12.7
11.3
10.2
9.4
8.4
6.7
8.1
9.0
7.5
8.0
8.6
8.9
10.0
10.6
10.9
11.2
11.2
11.4
10.1
8.5
7.1
6.8
5.9
5.5
5.1
4.4
3.9
3.7
3.2
2.8
2.3
2.3
2.3
2.0
2.0
1.5
1.7
2.1
2.4
2.4
2.5
2.7
2.6
2.0
2.2
1.9
1.5
1.4
1.2
0.9
0.7
0.6
0.5
0.4
0.2
0.1
0.1
0.2
0.3
0.5
1.0
1.9
3.1
4.5
5.9
6.6
6.6
5.9
5.6
5.4
5.5
5.4
6.1
8.2
7.6
6.6
6.1
5.5
4.5
3.7
2.6
1.8
1.1
0.9
1.0
1.0
0.9
1.1
0.5
-0.6
-1.2
-1.2
-1.1
-1.2
-1.4
-1.7
-2.2
-2.6
-3.1
-3.7
-4.1
-4.4
-4.6
-5.5
-6.1
-6.3
-6.2
-6.2
-5.6
-5.0
-4.8
-4.7
-4.4
-3.6
-3.7
-3.6
-3.9
-4.1
-4.5
-4.8
-5.1
-5.3
-5.5
-5.6
-6.0
-6.1
-5.9
-6.0
-6.4
-7.3
-7.3
-6.9
-5.5
-3.8
-1.8
0.5
2.0
3.2
3.8
3.9
2.5
-0.4
-2.5
-4.3
-4.9
-5.2
-5.8
-5.8
-5.5
-4.8
-5.7
-6.2
-6.8
-6.4
-6.4
-5.9
-0.6
2.0
4.4
6.1
7.6
8.5
8.3
7.4
5.3
2.9
1.0
0.4
1.4
2.1
2.6
2.6
1.7
-0.6
-1.1
-2.2
-3.3
-3.9
-4.5
-3.4
1.1
3.7
5.0
6.3
7.2
7.3
7.4
6.8
4.9
2.5
0.2
-1.3
-2.3
-3.0
-3.4
-4.0
-4.4
-4.4
-4.8
-4.8
-5.0
-5.7
-5.7
-4.7
-0.1
3.3
5.2
6.6
7.6
7.9
8.2
7.8
6.1
4.8
4.5
3.3
3.7
3.8
4.3
3.6
2.4
1.3
-0.6
-1.1
0.4
0.1
-0.1
-0.6
-1.6
-2.5
-3.4
-3.7
-4.9
-5.6
-6.4
-7.7
-8.3
-9.1
-9.6
-10.5
-10.8
-11.1
-11.9
-13.0
-14.6
-16.0
-16.5
-16.9
-16.3
-15.4
-14.5
-14.5
-13.5
-11.7
-10.1
-8.5
-7.1
-5.3
-4.3
-3.9
-4.4
-4.8
-4.1
-3.4
-2.8
-1.5
-1.4
-1.5
-1.2
-0.6
0.0
0.4
0.7
1.3
1.7
2.1
2.3
2.5
2.5
3.3
4.4
7.5
9.3
9.2
9.1
8.4
8.4
8.3
8.4
8.2
8.1
7.5
6.9
6.6
6.6
6.1
5.8
5.8
5.9
6.6
7.5
8.5
9.3
9.2
9.2
8.9
9.2
9.5
9.2
9.5
10.4
10.7
11.0
10.9
11.1
11.7
11.3
2.4
2.0
-0.6
-1.1
-4.3
-6.4
-7.0
-7.1
-7.1
-6.8
-6.7
-6.7
-6.9
-7.4
-7.5
-7.6
-7.8
-8.0
-8.1
-7.9
-7.6
-7.5
-7.4
-7.3
-7.3
-7.6
-7.9
-8.2
-8.3
-8.4
-8.6
-8.2
-7.8
-6.9
-6.1
-5.3
-5.0
-4.4
-4.7
-5.9
-7.1
-7.9
-8.8
-9.3
-9.7
-10.1
-11.1
-11.8
-11.5
-11.2
-11.2
-11.2
-11.3
-11.8
-11.3
-7.9
-5.0
-2.7
-1.1
0.1
1.0
1.3
1.0
-0.4
-2.0
-3.1
-4.0
-4.6
-5.7
-5.9
-6.5
-7.0
-7.1
-6.9
-7.3
-4.3
-3.8
-4.6
-5.5
-3.0
-2.3
-0.7
1.4
2.1
2.5
2.3
1.7
0.4
-0.9
-1.6
-1.6
-1.8
-2.0
-2.3
-2.8
-3.3
-3.7
-4.1
-5.2
-6.1
-6.9
-7.4
-7.4
-6.0
-3.7
-1.5
0.1
1.8
2.9
3.5
3.5
2.0
0.6
-0.2
-2.0
-2.2
-2.8
-2.7
-3.8
-4.7
-5.5
-6.1
-2.8
-2.1
-2.0
-1.0
0.3
2.3
4.5
5.4
6.5
7.9
8.6
8.4
7.8
6.3
5.0
4.5
4.1
3.6
3.7
3.5
3.5
3.0
2.5
2.1
2.0
1.7
1.8
2.2
2.9
4.3
5.4
6.6
7.3
8.4
9.3
9.4
7.6
7.5
7.4
7.3
6.8
6.5
4.5
4.8
4.8
5.5
4.6
5.4
6.0
6.7
6.6
6.8
8.0
9.6
10.6
12.1
13.2
13.9
14.2
14.1
13.5
11.9
11.2
10.6
9.3
9.1
8.8
8.9
9.9
10.3
10.1
10.0
9.9
9.6
9.6
9.8
9.1
9.2
10.5
11.7
13.1
13.9
14.4
14.3
14.2
13.8
13.3
