0
0
0
13.8
9.9
8.3
8.4
10.1
11.1
13.1
10.9
11.9
10.1
7.3
8.8
10.6
11.2
13.6
17.1
20.2
20.2
20.2
25.3
25.7
25.1
22.6
18.6
14.4
13.9
14.9
13.6
12.2
10.9
10.7
10.7
8.7
7.8
7.7
11.8
13.0
14.2
16.2
18.2
20.3
22.1
23.7
24.5
24.8
24.1
21.7
18.6
15.8
15.9
15.0
13.6
11.7
11.1
11.5
11.7
11.9
13.0
14.2
14.6
13.1
11.8
11.4
11.0
10.9
10.4
9.7
10.0
10.7
9.9
8.5
7.6
6.1
6.0
5.6
5.2
5.0
4.8
4.6
4.7
4.0
3.6
3.3
3.3
3.3
3.6
4.1
4.4
4.6
4.8
5.2
5.7
6.1
6.0
6.2
6.5
6.5
6.9
7.9
9.2
10.2
11.0
6.5
4.4
4.6
4.9
5.0
5.0
4.8
4.9
6.5
9.0
10.5
11.4
12.1
13.0
13.3
13.2
11.7
9.6
7.3
3.8
3.9
2.8
-0.3
-1.4
-1.8
-2.0
-2.0
-2.9
-2.1
-0.1
-0.9
2.1
5.6
9.1
10.9
11.9
12.5
12.1
12.2
11.7
9.7
7.1
5.3
3.6
2.4
1.7
0.8
0.3
-1.5
-1.1
-0.6
-1.7
-2.7
-3.1
-3.6
-1.0
3.0
6.6
8.7
11.0
13.1
14.0
14.2
13.6
11.8
8.6
7.2
6.3
5.1
4.7
3.7
4.1
4.0
4.0
4.1
3.8
2.8
1.0
1.9
3.8
6.4
8.9
9.5
8.8
8.2
8.5
8.3
8.0
7.3
6.7
6.0
5.9
5.8
5.9
5.0
4.2
4.2
4.3
4.4
4.5
4.7
4.3
4.2
4.2
4.7
5.4
6.1
7.3
9.2
10.9
11.8
11.4
9.6
7.2
5.6
4.3
5.1
5.7
5.1
4.9
4.9
5.1
4.3
4.0
3.4
3.2
3.1
3.0
4.0
5.3
6.7
7.6
8.1
8.7
9.0
8.8
7.4
4.9
2.3
0.2
-1.3
-2.0
-1.4
-3.2
-3.3
-4.5
-4.7
-4.1
-5.0
-5.1
-5.5
-2.8
1.6
5.5
8.8
11.5
15.0
17.0
17.6
17.0
14.0
11.1
8.2
5.2
5.2
3.5
2.6
0.8
0.3
0.4
0.2
-0.6
-1.6
1.0
1.5
3.4
8.6
13.0
15.7
18.3
19.5
20.7
20.8
20.3
18.5
15.7
12.7
11.7
9.9
8.1
7.6
7.1
6.3
6.6
6.7
6.8
7.0
8.8
9.6
10.6
12.0
13.6
15.5
16.9
17.6
18.1
18.6
18.7
18.0
17.3
17.3
16.5
16.2
15.8
15.4
12.4
10.6
10.5
10.4
10.8
13.2
14.5
14.4
9.9
8.6
8.5
8.7
8.4
8.6
8.7
8.6
8.2
8.0
7.3
6.6
6.1
5.5
4.4
4.6
5.3
5.6
4.8
3.5
2.6
1.8
0.8
-0.2
1.1
3.6
5.5
7.3
8.7
9.0
9.4
9.6
8.7
7.7
6.8
5.8
5.1
4.6
3.4
2.8
1.7
2.7
3.0
2.8
2.2
2.8
3.3
2.3
2.8
5.2
6.6
7.5
8.1
9.1
9.2
9.0
8.6
7.6
