0
0
0
15.8
16.1
17.5
19.6
19.3
20.0
20.7
20.8
19.3
17.8
18.7
20.2
21.1
21.3
21.3
21.3
21.3
21.3
23.6
23.1
22.5
22.9
22.9
23.0
23.1
22.9
23.1
23.0
22.9
22.7
22.7
22.5
22.3
22.1
21.5
21.0
21.5
23.9
20.5
20.0
20.5
21.5
23.1
23.1
22.6
22.3
21.5
21.0
20.8
20.4
20.3
19.8
19.2
17.2
16.5
18.4
19.3
19.1
19.2
19.2
19.7
21.3
23.1
24.5
25.4
26.0
26.0
25.6
24.7
23.2
22.3
22.0
22.0
22.0
21.8
21.6
21.1
21.0
19.4
18.8
18.5
21.1
21.6
21.0
21.4
23.2
25.0
25.9
26.1
26.6
26.2
25.9
24.8
24.3
23.2
22.7
22.7
22.5
22.5
22.5
22.4
22.5
22.6
22.9
23.1
23.1
23.2
23.1
23.3
24.6
25.8
26.1
26.9
26.8
26.2
26.0
25.8
25.5
24.3
23.6
23.3
21.1
16.0
15.0
13.8
13.2
12.2
10.6
9.6
9.0
8.3
8.0
7.9
8.1
9.0
9.5
9.9
10.2
11.2
11.7
11.4
11.2
11.1
11.3
11.5
11.1
11.0
10.9
11.0
10.3
9.5
8.5
8.7
9.0
9.0
8.0
7.8
7.9
8.3
9.1
10.0
10.6
11.1
11.5
11.6
11.3
11.2
11.2
11.1
11.3
11.3
11.1
10.8
10.8
10.8
10.7
10.7
12.0
13.1
12.9
10.8
10.5
10.5
10.5
9.9
9.8
10.2
9.6
9.2
8.9
8.6
8.2
8.0
8.2
8.1
7.9
7.7
7.5
7.3
7.3
7.2
6.9
6.9
6.9
6.9
6.8
6.8
6.8
7.3
8.1
8.0
7.9
8.2
8.4
8.3
7.7
6.9
4.6
3.9
3.5
3.5
3.1
2.4
2.9
3.5
3.4
2.6
2.4
3.9
7.4
10.3
12.8
14.0
15.2
16.4
17.1
17.1
16.3
16.3
16.3
16.3
16.3
5.8
4.9
7.5
5.7
4.2
5.2
7.1
8.1
7.9
7.4
8.0
9.5
10.9
12.0
12.7
12.6
13.2
13.9
13.8
13.2
11.4
9.3
7.5
6.2
7.7
6.9
7.5
9.2
9.6
9.8
8.0
9.3
9.7
9.9
10.8
14.5
16.5
18.5
20.7
21.8
22.0
21.6
21.1
20.2
19.2
18.3
18.0
16.9
13.9
13.4
15.0
15.8
16.0
16.0
16.2
16.0
16.0
15.0
14.2
13.3
13.5
14.3
15.4
17.3
18.8
19.6
20.5
18.9
16.2
13.0
12.3
10.9
10.3
10.0
9.9
10.7
11.5
10.8
11.3
12.0
13.9
13.5
13.4
17.2
19.1
21.4
21.2
20.8
20.5
20.2
19.9
19.3
18.7
18.6
18.2
18.2
18.6
18.2
17.6
17.8
18.7
19.0
19.2
19.6
19.3
19.4
19.7
20.7
22.2
24.1
24.7
25.1
25.0
24.4
24.2
23.4
22.3
21.6
21.5
21.2
21.1
21.2
21.2
21.3
21.3
21.4
21.4
21.2
21.4
21.5
21.9
23.1
24.3
25.2
25.2
24.9
23.9
24.2
24.3
23.3
22.1
21.5
19.9
18.5
18.3
19.8
17.6
18.3
17.6
15.3
13.5
12.1
10.9
9.9
9.3
9.5
10.2
11.5
13.0
14.5
15.9
16.7
16.6
15.8
13.1
10.9
7.4
7.4
5.9
3.1
3.4
2.0
1.2
0.7
0.5
0.0
0.0
0.1
1.0
5.6
10.2
13.6
15.3
14.7
15.4
16.4
17.1
16.4
12.6
9.0
6.5
5.9
7.1
6.9
6.3
8.2
7.9
6.9
5.9
4.8
3.9
3.5
4.6
10.8
15.9
20.2
22.1
22.9
23.4
23.2
23.0
20.7
17.8
16.4
16.0
15.5
15.2
16.0
12.7
10.7
9.9
9.7
9.9
9.7
9.8
9.7
12.0
17.3
18.5
21.0
22.3
23.4
23.2
22.8
22.4
21.2
19.8
19.1
19.5
19.8
19.9
19.7
20.1
19.7
19.3
19.4
19.4
19.1
18.3
18.7
20.2
21.4
22.9
24.4
25.3
25.8
25.5
25.1
24.8
23.8
22.2
21.5
21.7
21.9
22.0
22.2
22.0
22.2
22.2
22.3
22.2
21.9
21.8
21.2
20.6
21.2
22.7
23.6
24.2
24.5
24.4
24.0
23.2
22.5
21.6
21.2
21.2
21.3
22.2
22.3
22.0
21.7
21.8
21.1
21.0
20.9
20.7
20.5
20.6
21.7
23.1
24.5
25.2
25.5
25.1
24.7
24.3
23.2
22.4
22.0
21.7
21.6
21.6
21.7
21.7
21.7
21.5
21.5
21.4
21.3
21.2
18.2
15.7
15.1
14.2
14.3
15.9
17.4
19.0
20.5
21.4
22.4
22.0
21.7
21.7
21.7
21.6
21.4
21.6
21.7
21.8
21.8
21.9
21.9
21.7
21.9
22.2
23.2
24.4
25.3
25.3
25.9
26.1
25.6
25.0
23.7
22.5
22.1
22.0
21.9
22.1
22.0
22.1
21.9
21.8
21.6
21.6
21.7
21.6
21.4
21.3
21.9
23.5
19.5
16.1
15.6
15.4
15.3
15.2
14.0
12.4
10.3
9.4
9.1
8.7
8.1
7.8
7.6
8.0
8.1
8.2
8.4
8.3
8.5
8.8
9.2
9.7
10.2
11.4
12.4
13.6
13.9
14.1
14.3
14.1
13.8
13.8
13.8
13.7
13.6
13.7
13.9
14.2
14.5
14.6
14.9
15.3
15.1
14.8
15.8
17.1
17.7
18.8
19.6
19.6
21.1
22.5
21.7
20.9
20.1
19.6
20.3
20.3
20.7
21.0
20.9
20.7
21.1
21.0
21.2
21.0
21.1
20.7
19.9
18.3
19.0
19.3
19.9
20.2
18.7
17.2
16.0
13.8
11.7
10.4
9.6
8.5
7.8
7.0
5.9
4.8
4.3
4.1
4.2
3.6
2.8
1.9
3.9
5.8
7.3
8.7
9.8
10.6
11.3
11.5
11.2
7.9
3.1
1.7
1.2
0.6
0.1
-0.2
-0.4
-0.6
-0.6
-0.5
-0.2
0.2
1.9
4.0
7.8
10.0
12.3
13.8
14.7
15.4
15.7
15.7
15.4
14.9
15.0
15.4
15.1
14.6
14.5
15.5
16.2
15.6
15.0
14.1
14.4
14.6
14.6
14.9
16.2
18.2
20.4
22.3
23.4
23.5
22.9
23.1
22.2
20.4
18.8
18.1
17.3
16.9
14.9
13.9
14.0
13.8
13.0
12.8
12.5
13.6
15.0
15.8
17.3
18.8
19.7
20.6
22.0
22.6
24.2
23.1
22.1
21.1
20.9
21.2
21.5
21.5
20.9
19.8
18.9
19.5
19.4
18.6
17.1
18.6
18.9
19.2
19.7
22.2
23.7
24.8
26.1
27.3
27.4
27.0
25.4
21.6
13.0
9.9
8.5
7.8
7.0
6.3
5.8
5.6
5.1
4.8
4.7
4.5
4.2
4.8
12.0
18.3
20.8
22.9
23.8
23.8
23.2
23.0
21.2
18.0
17.4
18.1
19.0
19.2
19.4
19.6
19.9
20.0
20.4
21.0
21.0
20.9
20.8
20.6
20.8
22.0
22.3
23.7
24.4
24.6
24.2
23.7
22.5
19.9
16.6
16.3
14.8
12.4
10.2
8.6
7.5
6.4
5.3
4.5
3.8
3.2
2.7
2.3
3.5
4.6
5.8
7.4
8.7
9.9
11.1
11.0
9.5
6.1
4.7
4.9
5.2
5.7
6.0
6.0
5.3
5.6
5.8
6.7
7.6
7.4
6.9
7.7
8.8
9.9
12.0
13.9
14.8
15.1
15.4
15.6
15.0
13.7
12.9
12.5
9.5
7.1
5.8
4.9
4.3
4.1
3.9
3.8
4.1
6.1
4.4
4.5
11.2
13.8
16.2
17.5
17.7
17.7
17.8
17.1
16.7
15.4
15.2
15.3
16.4
17.0
17.1
18.1
19.0
19.5
19.9
20.1
20.5
20.6
20.5
20.3
20.1
20.3
21.1
20.9
20.9
20.9
20.4
19.5
17.9
15.4
13.4
12.2
10.8
9.7
9.8
9.2
8.2
7.1
4.4
2.2
1.7
1.4
4.4
6.5
7.8
9.2
11.0
12.9
13.7
14.9
15.6
15.4
15.8
16.0
16.9
17.2
17.4
17.9
19.9
20.5
20.7
20.6
21.3
19.4
14.7
14.3
13.4
12.8
13.2
14.2
14.3
15.4
16.9
17.9
18.0
17.6
16.8
14.5
13.1
12.6
12.1
11.7
11.4
10.6
10.6
10.7
10.2
9.9
9.6
9.5
9.6
9.9
10.3
11.3
12.9
13.9
14.1
13.9
13.6
13.6
13.4
13.3
13.2
13.1
13.2
13.4
13.2
13.0
12.8
12.6
12.5
12.1
11.8
12.0
11.9
11.9
12.4
14.1
16.7
17.8
19.0
20.4
20.9
21.1
18.9
18.9
12.0
9.6
6.6
5.3
4.6
4.3
4.7
4.9
5.0
5.2
7.6
6.4
6.2
6.2
9.3
14.7
18.2
20.8
21.0
21.6
22.4
22.1
21.0
17.5
